165456
162504
164679
156259
171368
162599
167497
168166
161367
163543
165649
162184
167280
169695
162791
161565
165364
162941
158446
160781
162809
166017
165426
162694
167897
158318
159027
165588
159894
163940
166383
158379
167869
166162
163743
163102
161366
160843
162445
167056
166593
165916
164083
167937
160915
161154
161784
164201
171084
160833
155199
170955
165736
163033
161260
166411
162051
159778
168951
165124
161092
158077
162926
164287
167654
163941
167710
165264
164970
165411
164513
167943
163402
171880
161699
157081
165313
157832
161994
168789
172242
161714
162097
162213
162321
166787
165129
165828
163764
161427
158022
164770
159045
168562
165991
161946
162926
160624
165412
157075
161825
158021
164331
160796
164605
165191
164665
169838
167110
159709
164648
167430
162468
159081
162373
157463
166127
162451
157524
166096
160984
164596
171805
162951
160675
163314
161739
163991
174222
160152
171363
161395
165242
170843
163147
165838
171066
169968
161831
161100
170487
161038
165878
157158
160452
162276
158559
160379
164071
158073
172686
166498
159969
163828
160400
161479
166220
154959
163952
166573
158921
172494
163276
160742
171973
158550
158911
163924
164607
166377
165876
165051
162594
167321
162982
157540
163896
164997
168580
166101
156305
170867
158275
161076
167950
169026
163578
163834
168453
164857
161030
162705
167834
161794
162596
160530
160424
160999
155548
164784
158628
165107
166353
165299
164903
160759
160179
171445
157115
158657
168685
172849
164239
163382
156057
171370
162784
154355
163361
166540
167219
161804
156272
161952
158154
164380
165910
165408
163056
169123
165947
163085
169949
163618
166034
161212
165052
162956
158115
163487
162669
158427
152820
160725
159189
161922
166274
163705
165213
169212
166027
160944
161354
160927
164154
170657
168346
162083
164352
161909
161542
165235
158290
166182
164153
164357
168962
161634
163494
160071
167219
163915
155693
154402
167626
153578
164270
164759
162395
163598
161831
164857
166988
164813
170434
170298
168647
164761
160105
169511
156109
164537
167346
163979
166071
166203
164071
164551
166548
169991
164540
166048
166102
162438
166164
164192
165543
159251
161449
159896
154947
170084
162279
162137
164564
162498
162349
158184
160158
163254
165757
165255
167859
168464
165637
164244
163454
162474
165822
169376
166347
163748
165427
161831
167061
164449
161590
156137
159529
165784
167689
168162
160358
165830
166947
158068
163425
159117
169457
160258
166517
157213
162396
166506
159804
168070
157463
161924
163982
172059
169020
161398
157297
161697
161456
156107
165446
167422
164371
161754
163689
167121
160766
165317
169282
161975
159107
165552
164063
168929
161025
156531
160721
165179
165922
161820
158421
161523
159451
161378
166376
166223
162362
167653
157290
163078
167581
162465
164380
165923
156183
164915
162293
166522
162958
165138
169119
162186
162091
164648
158922
157788
157426
165163
165626
159568
168246
163845
167534
159710
161453
168450
165752
161232
161235
161194
163688
168382
165167
168748
156987
165898
161942
166762
165390
160232
162418
169156
162123
166619
158628
166682
159521
172351
166009
167893
159243
165924
162977
163212
170140
159900
155788
168902
155972
159666
161022
165300
161640
159093
163814
162361
164673
163225
164076
165578
160961
166898
166575
162181
163717
168371
167950
164297
166317
163503
164994
169961
167576
166056
167713
168072
167784
160990
155267
161263
159363
160773
165088
155851
162477
155810
159415
162568
162975
165450
156145
162290
157604
157873
163164
166152
160482
164454
168994
161811
164824
164803
159780
165653
166190
167229
161502
159698
167802
166205
161764
158670
164356
162777
163961
160871
160418
165337
151615
164170
166333
161245
173796
158589
169098
163316
164027
160955
173398
161885
159568
164823
162616
163140
160528
165511
163421
163971
163744
156401
166283
168411
165680
162194
169842
164783
167019
168797
164303
162516
165834
160878
167919
157831
167392
169432
161699
158801
158283
171381
157593
165011
158894
160771
168061
163053
168460
161235
168668
165032
162934
167461
161965
164609
154167
161539
163332
163602
160045
161287
164145
162446
162991
164737
163204
163638
162431
160142
166267
159679
164610
158981
165388
164948
167474
161294
164721
161717
163804
164395
163793
163320
163610
166455
164988
163414
161756
166731
161447
164061
155153
161109
161116
166581
158507
167490
158130
164836
163734
162134
162096
166800
163854
166720
161492
160476
165972
159226
166322
162266
154950
161574
161693
165936
165584
163423
163533
160749
161653
160344
166987
166542
165075
165822
163861
162608
162402
165683
173487
165349
166478
161934
161903
163798
170077
161683
164608
162656
156736
169380
160921
168901
161888
160788
161623
163249
160540
158461
165368
159927
165178
166478
165655
166085
167981
164270
166520
165313
162490
156143
165452
164994
164254
157795
161615
163853
167457
168871
168092
166433
157798
165613
161400
162263
165563
165065
164782
163994
161191
161019
160193
161851
162089
168594
166792
163454
161243
156553
165248
154337
163503
160108
163401
162303
159792
160627
171527
164906
169510
160352
166867
159270
166663
162530
161222
165825
158872
162831
154150
159748
165744
162343
162528
162020
165624
160603
164617
166633
160709
171501
162393
171639
159625
165714
165528
167548
159422
163745
159690
165463
164380
157735
161129
164238
166850
160090
166851
164808
160718
159011
164416
161328
164697
162123
151821
160927
154649
160865
165645
160177
162834
169060
157780
160176
159494
156879
165567
163941
166174
162444
162831
159090
153997
154930
169770
167530
168559
159050
165449
162560
161841
162040
157425
168410
165204
166650
165965
162412
157412
159205
165325
165500
174322
165108
173545
162253
154338
168847
159439
161060
168456
159811
164626
165347
165295
167899
157864
163393
164208
162729
154273
172461
164108
168775
160278
162370
167723
161533
168608
162003
170510
165834
166846
156916
167019
156633
161308
154006
157147
171349
162165
159748
163066
166721
163161
162254
160524
164056
155677
164074
163214
165905
166627
161371
155607
159221
162490
169413
162067
159590
158149
162819
160518
163022
164671
158758
165810
160035
166789
163297
161429
162907
169643
159835
159379
172835
166627
161629
163224
159375
166302
167368
167050
159873
165327
168238
169864
161201
167928
165922
159916
163574
165254
166319
170803
168771
156951
165381
167595
160996
159784
164968
163769
164054
157639
161133
161856
165543
162790
168159
162797
164552
165118
165055
154875
164260
165721
165802
168337
161830
163820
158500
165355
165942
164605
159576
155852
160588
166943
163128
164194
165784
165293
167604
167041
168939
162432
162990
163391
163882
165759
163690
164504
154535
162594
161365
162874
161866
161238
165419
164473
160355
162952
164904
156172
161816
163854
160574
162904
161194
165653
158240
165329
160491
161614
162119
163746
159417
160855
160047
163715
166062
164159
163829
169401
161532
162815
159676
159816
164316
167879
164299
161016
160043
165206
158139
168651
156154
155607
157638
164698
159460
163431
162411
