80007.1
82107.3
84158.9
80361.9
82413.9
79376.9
84974.5
84235.4
83125
81391.3
80715.3
81678.7
80494.4
81036.8
80392.6
82021
84261.7
83540.3
83819.5
82462.7
80510.3
80342.6
81223.1
82105.1
77002.9
84136.5
80418.9
81067.9
79961.3
81428.3
83852.8
84372.9
84046.7
81538.1
79723.3
80692.4
83974.9
81095.8
82921.2
84442.5
80291.6
81547.6
84336.1
79631.5
78297.7
80096.5
80226.4
82300.3
81337.1
84324.7
77887.1
82543
79989.2
80827.4
79966.2
82593.7
84908.6
85206
80907.9
83378.1
82923
85448.1
81558.7
84604
83972.6
80628.9
80986.9
82055.2
82281.8
84196.8
81309.3
80232.2
84119.9
82250.6
82732.8
81935.5
78737.8
82403.4
83228.5
80838.3
85544.6
84680.6
80746.9
79919.7
82865.4
80951.7
82055.9
78120.8
81278.5
84739.1
84730.2
78481
83103.1
82053
84513.1
82099.8
84144
86416.1
80817.3
80751.6
85151.3
81665.3
81375.4
84017.4
82630.7
81263.2
80425.6
86699.7
82237.4
83296.9
82882.9
80348.4
83211.9
85035.3
84324.9
81940
83462.4
81040
82809.3
80715.6
82101.2
82180.6
80492.2
78726.3
83578.9
81336.9
82078
80934.9
80713.5
80784.5
84502.6
82867
82314.1
80195.5
81592.5
82015.7
80787.1
84004.8
82254.2
82891.5
81335.3
83245.6
80811.4
81680.9
81278.4
82017.7
80610.5
80674
80627.2
80506.8
82461.8
84525.7
79372
79318.5
85360.3
84230.2
83291.4
83727.8
79493.2
82565.5
82067
79786.5
79928.9
84198.7
81932.6
80044.6
80794.7
83395.8
80544.1
81809.5
79367.6
78344.1
82798
85083.2
83157.5
81483.9
80287.2
81569.2
79803.1
82508.6
83175.1
80546.2
82295.7
82586.4
85599.9
82120.6
83888.7
80106.7
82190.6
81552
78797.7
83612.3
79270.1
83506.1
82689.4
83042
83528.6
81886.5
83361
84796.4
78686.7
79341.8
80326.6
82280.1
85358.2
81862.1
80118.9
80763.9
80710.3
86647.3
83254.9
82682.1
78939.3
79019.4
81662.3
83122.9
78681.6
81823.2
79200.9
81707.7
80129.9
81623.8
81056.5
83848.1
83097.9
82326.2
81833.7
83087.8
84130.8
78872.6
79510.2
82025.9
81365.3
81446.4
80096.7
77168.1
79748.2
82266.9
82630.3
80309.7
78392.5
85354.3
79262.4
85857.3
82949.2
81256.9
79669.6
83471
85967.5
83947.9
80083.3
80305.6
81871.4
82767.4
81904.2
81141.7
80158.4
79409.7
81958.6
77456.4
85193.3
82806.9
84031.1
82011.3
79500.7
80800.1
79494.8
82781.7
81734.6
80649.7
83798.7
79621.2
80320.5
79653
79173.4
80224.7
82151.3
83016.4
80816.7
80904.7
83028.1
79098.8
81558.2
76959.8
78368.8
82024.3
82419.5
84948.3
83699.4
80948.1
77657
82839.7
81510.1
82136.2
83786.3
79398.4
82646.8
79613.4
81231.4
77577.3
81567.5
82987.3
79146
79445.8
84924.6
85541.8
78123.7
82214
82456.9
83865.5
82670.6
81625.9
80492.3
82855.4
80279.8
82919.2
80466.7
81173.8
86669.9
84112.6
82461.3
82982.3
82083.8
83023.5
81620.3
81315.5
85738.6
80689.4
80566.2
79879.7
79639.5
79733.6
80066.3
82270.6
77105
81565.9
83803
82604.5
82403.5
82935.8
85305.5
82068
79731.8
79299.9
81842.4
82529.1
79828.8
81309.6
80754.6
80252.8
82275.1
82568.8
83393.1
81362.7
82516.9
80625.4
84876.5
80087.4
83902.3
78706.3
85551.2
80721.4
83376.6
82589.5
77366.3
82549.2
82844.8
80406.6
79088.7
81116.4
82784.4
80583.3
86160.5
80586.4
81150.5
83014.6
82892.9
81950.9
82763.4
78274.6
81204.1
79909.9
81622.9
83045.7
80760.8
79984
82707.9
82323.1
81288.3
91138.9
82368.9
81573.3
81108.1
83330.3
81634.4
84172.7
76998.7
78974
81186.9
78961.4
81090.6
78810.8
80574.2
81558.3
81282.4
80885.2
80548.7
85501.9
80820.9
82596.8
83682.1
78568.9
84005.2
84844.6
80547.7
80377.2
81825.6
79890.9
81381.3
78959.1
81038.1
82893.6
80947.5
83144.9
84535.8
81999.6
79076.4
84798.3
79141.6
81880.6
83175.7
79369.9
79210
84809.2
77941.1
82057.3
85100.9
84781.6
84551.4
80831
78947.6
82863.3
84151.9
83062.3
81296.4
83723.9
81812.8
82086.5
82291.5
82436.1
81738.4
77738.9
81618.2
81826.7
82365.3
80994.8
79762.9
79834.8
81339.2
82178.4
81775.3
80011.1
80547.3
81398.8
81972.9
83294
85660.5
82924.4
78155.7
85028.1
81413.1
81260.7
82208
81766.2
80362.9
80152.1
84600.4
86329.3
81567.5
85384.4
83593.1
79209.9
79986.5
83871.6
80359
80540.1
83327.4
83650.8
82484.1
80102.7
78741.3
80801.2
84486.6
81145.8
81742
83003.2
82203.6
81451.4
83264.4
82055.8
82732.7
83541.1
77542.1
81452.8
81282.8
82474.3
86585.7
85470.1
83601.6
82701.4
81421.6
80559.9
83690.2
83777.5
86355.1
82404.3
84286
82929.1
81220.8
82954.7
82493.3
84562.9
82695.3
79262.3
83135.5
81958.9
82771.6
84019.7
82792.2
83903.9
79960
80619.4
81014.5
85556.3
82639.1
78155.5
84657.3
83697
81604
80802.4
83793.2
84552.1
80974.2
82594.3
81819
76108.4
79591.9
81288.5
80533.6
78723.9
80202.2
84081.4
83231.8
84009
82887.1
85927.2
82491.3
83559.2
83437.4
79446.6
80896.8
84541.2
80590.9
83627.7
81240.6
80931.2
83830.7
85330.2
82231.6
82953.1
79034.7
78980
80557.4
80271.4
79497.1
82421.3
80569.4
79885.2
80281.9
79078.7
86156.9
83907.1
83866.3
79401.7
80645.6
83739.8
84509.5
82425.5
77397.4
82707.8
80850.5
87173.9
77700.9
86074.6
83594.4
84098.1
80475.8
82116.8
83283.3
85797
80528.5
77366.4
83086.3
81040.7
83954.5
81271.7
82774.4
82610.5
82503.5
82688.6
83220
83125.9
81851.7
80163.3
81025.8
81635.2
80416
81557.5
82992.2
82379.5
81786.3
81550.4
80648.5
79665
82812
79151.7
80512
82126.4
84602
86349
80477.8
84578.8
80024.3
84368.3
80698
85339
81941.1
80687
79875.2
82124.6
83368
78679
81604.4
83932.1
80613.1
83507.6
78633.6
82284.1
79394.5
80626.4
81044
83618.4
86677.7
79873.5
83335.3
82176.8
80847.5
82266.6
82213.6
86196.3
81608.3
81001
80944
85825.5
82147.6
85124.2
83141.4
80075.8
81044.2
77169.9
80891.8
81124.6
83028.3
82719.2
80887.8
81124.8
81517.7
80537.3
78854.6
83234.3
80343.7
81382.6
80573.3
79016.7
79810.9
84182.9
81173.6
81724.6
81696.7
81941.1
82308.8
82587.8
81771.2
81216.2
81891.3
86186.3
83151.8
81003
83002.9
78611.8
83546.4
82937.7
82201.4
83872.4
79274.5
81802.1
82556.7
79237.8
80597.3
80011.9
83127.6
78568
81875.8
83195.6
80307.9
80411.2
80238.7
80999.1
82729.3
80191.1
83362.5
84002.5
83450.2
82577.4
78669.6
81450.5
86823.9
83526.5
79349.4
80343.4
80781.8
77703.5
80394.1
80869.3
80517.3
82349.9
81135
81414.8
85261
82937.9
83895.3
79445.2
80101.6
80022.9
82025.2
81997
80540.7
80336
80028.1
79891.6
80788.2
81812.1
86163.3
82292.6
81893.9
83428.9
81251
79998.3
83333.4
78696
80544.8
78936.6
80883.1
77776.1
84823.9
83991
81320.7
85005.6
83581.2
82684.4
79634.6
85996.7
81177.5
87059.9
80687.7
80433.3
80002.4
79437.4
78688.6
83198.3
82245.3
85191.2
76882.9
83367.2
84368.8
86029.2
81800.9
79328
81408.2
78518.9
83724.2
80950.4
82560.2
82682.1
84193.1
84618
83587.3
84714.2
82342.4
84073
81984.5
82469.6
80655.8
79840
85429.4
83610.7
80517.6
83296.7
80344.9
80407.3
83797.7
84247.3
83981.5
81443.8
84967.1
83582.2
82709.7
81561.5
81706.1
80795.8
80816.9
81364.8
83015.1
80243
83045.6
80128.4
82749.5
83283.9
82152.1
82662.2
81400
81924.9
79540.8
81234.9
81611.6
81168.6
79547
78912.2
83889.1
81098.5
82432.2
82588.2
80491.3
82651.1
81942.1
80933.6
81676.7
81701.8
76696.3
81318.8
82689.3
82706.5
79556.2
82101.5
81270
78307.5
85921.5
82697.5
82102
82719.1
81815
82172.4
81337.3
78333.6
84699
79356.2
80943.1
83827.1
80386.9
80963.2
82323.2
82760.4
80408.7
83375.5
82508.2
80744.8
85865.3
81990.1
82936.1
80890.7
82838.9
80686.1
80229.6
81111.4
80584.7
79605.4
81184.8
85451.3
80490.6
81868.5
83446.6
79559.5
80942.5
82134.3
79909.9
83611
80701.3
78426.3
85936.6
80440.6
81621
80747.1
81511.4
85104.1
82595.3
80786.4
80538.1
78138.5
82679.4
83925.6
81155.4
84492.7
83774.5
83977.7
82868.5
77779.3
80560.9
82193
79206.7
83213.1
81146.9
79667.7
84114.4
79406.1
81186.7
81697
82229.4
81875.1
81728
78013.3
78969.1
80268.2
82360.4
84081.4
81905.9
82964.3
83020.5
82514.2
80135
82223.8
82612.4
79941.8
83899.5
80506.4
81463.5
83272.9
82040.5
80527.7
81734.6
80866.1
83800.3
80498.6
78616.9
79832.1
87938
84656
83069.7
82805.6
81200.9
82213.6
79866
84511.7
83688
81467.7
80363.9
80210.9
78605.9
82226.2
82211.4
81610
82741.5
82125.4
82833.1
81816.9
81402.3
79426.6
79687.5
79623.5
80284.5
81102.6
83217.8
82304.9
83289.7
83786.9
84337.3
81912.2
83588.4
81950.1
79947.9
85036.1
81924.3
82139.4
82092.5
81621.8
80669.9
81319.3
83134.1
83069.3
78544.1
83883.6
