54192.3
55558.2
56551.1
56561.5
56507.1
53875.1
55166.8
55948
55391.3
52837.1
55387.2
54665.6
52789.9
56341.8
54521.9
53263.1
53186.5
52984.6
54887.9
53075.8
54187.5
53639.8
55040.8
54854.3
54124.3
56033.6
54015.1
56073.5
54826.8
54036.4
54853.1
54705.1
54650.8
53656.4
55606.5
54137.6
54338.7
51884
53422.1
55430.4
57175.9
56024.2
54608.7
55421.1
53207
53403.9
54818.5
54053
56103.2
54238.3
52789.8
54914.2
55505.7
53143
54476.1
54559.9
54712.8
54679.5
53879.7
55314.8
54416.7
54738.1
53088.5
52479
54114.9
54583.5
53008.4
53685.5
56311.1
53372.7
53689.9
55496.3
55667.1
53289.3
53592.6
52748.5
56234.9
54749.5
55762
56069.3
56303
54026.3
53023.6
50768.6
54446.6
53022.6
56400.2
51628
54467.5
54594.5
55061
52862.8
54687.2
54267.9
54797.9
53265.9
55631
55450.9
53643.9
53992.9
51766.9
55863.3
53628.6
52672
53991.2
54843.6
55301.7
55018.6
57011.7
54900.3
54011.2
54436.3
55126.8
54860.1
55247.7
56207.4
54446.9
53602.2
55533.7
55032.7
56109.2
53902
55626.1
53202.3
55005.6
56195.8
53608
53305.9
54481.8
55197
56138.2
52724.9
55788.1
54829.8
54677.8
53875.4
53828.9
53317.6
54337.1
54625.4
57649.4
52560.3
56088
53315.3
54982.1
55272.3
57261.4
55412.1
55937.5
55384.2
56250.5
54393.2
54418.1
54847.4
55084.5
53044.3
55594.6
53701.9
56105.3
54140.3
53070.5
53431.2
54084.1
55328.5
57387.6
54840.3
55456.4
54968.7
53945
57262.4
54962.1
54253.4
53146.9
55481.9
54838.9
54817.2
55675.2
56054.6
53778.7
54853.8
54867.4
54901.3
55513.8
57796.5
54803
55722.5
53990.6
53832.5
53863.8
54969.2
55802.9
55303.9
54173.6
56275.4
53935.1
55950.5
56555
55520.5
52214.5
55248.8
55056.8
54195
56228.6
55573.1
57243.3
54420.4
53833.9
53084.8
54985.1
54653.7
57527.1
53449.5
54073.3
54743.1
54520.6
54403.8
54525.1
55386.3
53766
54703.8
54210.7
51845
53157.7
54301.6
55163.8
52170.4
56348.1
51580.6
55257.1
54596
55747
55752.7
54452.3
56889.6
56170.8
57649.5
51649.2
54019
55929.7
56844.5
54955.2
54752.2
54391.4
55193.8
54222.9
55798.7
54089
54330.7
54409.2
55440.6
53217.5
55453.8
56845.9
55944.7
56969.6
54399.4
53903.3
54579.4
55111.9
54473.6
53948.3
55911.4
53043.6
55851.5
54409.9
55186.6
55135.5
53026.9
54861.2
52512.2
55966.8
55458.9
54309.2
56911.8
55165.1
54762.3
55798.5
55884.2
54610.3
55081.7
56487.8
54078.4
54462
54965.5
55137.2
55898.7
54457.6
53568
52704.6
55673.1
54243.9
54590.9
52333.1
53707.7
54862.5
54371.7
56026
54478.6
54165.1
53134.6
53777.9
53015.5
52075.3
54039.8
54080.2
53195.8
51564.7
55350.7
54986.7
52530.6
54263.4
54256.7
54491.6
54189.1
53932.9
58591.4
53676.9
55221
53394.8
53041.9
53619.9
53135
52762.4
53503
54723.4
56281.1
53413.3
54735.4
55930.9
54045.5
53808.3
54168.4
55352.2
56189.9
54764.4
51594
54015.1
53497.3
54394.1
54222.8
54769.4
56044.8
55415.7
53722.3
53394.5
54950.4
55087.4
53264.3
53817.7
54962.6
55133.8
54327.3
51342.8
53168.8
55873
51428.4
54045.5
55560.5
54429.4
55509.3
56660.5
56157.8
55315.4
54993.7
55359.1
54792.2
54020.4
56803
54726.3
55995.4
55671.6
54258.6
53787.8
53477
53203.1
55497.8
57479.3
54951.4
55933.9
55809.6
53494.4
57123.4
53803.9
53876.3
52808.1
55087.5
55231.4
55761.7
54332.3
54557.9
54654.2
52836.6
53823
53784.5
55951.7
53504.2
55915.4
56577.6
54544.2
53248.6
53956.4
56104.9
54287.9
53513.2
53346.4
55164
54297.1
54569.6
54568.4
55404.1
53778.9
54720.7
53727.6
53988.6
54155
52803.8
54369.1
56126.5
53077.4
52570.8
54512.9
55702
54016.1
53515.6
55527.3
54624.2
53648.7
53831.8
55963.1
53373.7
55183.7
55366.8
54877.1
52842.2
54603.3
55697.7
54010.2
52728.9
55068.2
56524.8
54579.8
52637.8
52591.9
54494.4
53462
54762.4
56431.3
54231.4
53904.3
53216.3
54917.4
54539.7
56776.3
57104.4
52345.3
54598
53316.5
55814.4
52773.3
55290.2
52931.8
54131.8
52131.4
53718.1
54639.7
53488.8
54705.5
54629.8
53043.8
54460.5
54786.9
55769.8
57048.7
56371.1
53510.9
54436.4
55592.6
53440
56335.1
52851.3
54532.1
54864.3
55243
54412.2
55927.2
54689.6
53236.3
54209
53898.2
53690.7
55043.5
52858
53900.1
53108.3
53819.2
56781.2
53564.1
55321.6
56146.1
55063.6
55536.1
56817.6
53285.9
55177
55548.6
56326.5
55589.2
54253.5
55205.5
54229.3
55961.8
53835.9
53180.6
53875.4
54810.2
55414.5
56167.4
56852.9
55721
56559.9
54453.3
54188.5
53896.3
53718.7
54552.4
55382.2
56640.4
52754.2
54480.1
56011.3
53344.8
54649.7
54965.1
55156.6
53401.7
55639.3
54320.5
53527.6
54213.4
54146.8
53866.4
53555.9
54700
53699.2
54155.1
53617
55932.5
55741.8
54945.8
54251.2
52921.1
58317
54681.5
52542.3
53960.4
55065.3
56575.7
55559.6
55401.7
56845.5
54496.3
52830.9
53209
57485.9
54671.5
54825.5
55968.5
53183.4
56690.5
55397.9
55598.4
54079.9
54124.3
52701
56354.5
54685.2
54150.7
56302.3
53326.6
54097.8
53476.8
56489.9
55979.9
55346.8
54251.6
51763.5
52622.8
53566.8
54422.3
52491.2
54932.8
53915.4
56522.8
54702.8
53901.3
56493.5
57902.5
54355.3
54620.4
56032.8
54639.5
55349.5
56139.7
53285.9
55407.4
55007.6
56318.5
56293.8
53449.7
55834.9
53430.8
53162.1
56113.4
55273.3
55583
55858.4
53961.4
55218.7
56534.9
54903.4
56374.8
56979.4
51713.5
54634.1
56310.2
52899.4
52742.6
54158.9
54092.9
55021.3
55608.7
53898.4
55518.9
54261.1
55768.4
53094.2
54902.6
56653.1
53833.3
53470.2
55329.9
56707.7
56436.8
55695.9
53717.6
56028.6
53926.8
57895.7
54339.3
53335
54666
54987.9
54845
53846.2
54031.8
54897.1
54272.2
56023.7
56678.5
53715
56023.1
55271.7
54065.2
55038.2
54380.6
55032.7
56790.6
52528.7
55693.4
55883
55358.5
54449.7
54880.1
52426.1
55274.5
53715.9
54062.6
57350.4
53680.3
53352.1
56306.6
55317.4
53972.7
54794.7
55182.4
54300.6
56011.4
53473.9
53953.2
54690.3
54166.9
53096
57848.6
53093.8
53201.9
55568.3
56144.1
53495.7
54676.4
55503.2
53706.1
54572.1
55992.3
55528.9
54951.5
55095.4
54535.1
53891
55215
55308.3
54600.5
54779.2
54637.9
56292.5
56827.2
55419.7
53331.2
53371.2
55579.1
57094.3
55881.6
55068.2
54787.8
55636.2
54243.6
53098.1
53712.8
54875.8
54619.9
55450.9
57078.2
55223.3
51896.3
53015.5
55157.7
54756.7
54254.2
56396.4
56057.1
53975.7
54311.9
55294.8
54459.6
52974.1
57272.1
54090.7
54944.7
55718
56098.6
52903.1
54834.3
53675.6
55339.1
54293.8
54882.8
52297.8
54224.9
55691.4
52381.5
53568.5
55040.4
51880.8
56764.6
55477.1
56032.6
54483
56281.9
55565.5
57303.4
55042.2
53448.8
55749.9
54362.3
53358.8
56546.2
55372
52781.2
55042.5
55628.8
55109.4
57415.5
55531.8
57210.8
54407.8
52722.9
52812.9
55215.1
55061
53386.1
54711.7
53892
54353.2
56112.3
55374.3
53985.1
56217.1
57750.5
53135
52801.5
54577.9
56307.8
54127.2
53036.8
54712.8
53869.4
53249.1
56215.7
55143.4
54594.7
52974
53361.4
57186
53047.1
55128.5
54509.4
53320.5
57265.7
55266.8
55214.3
55178.6
55960.1
55443.5
55250.3
55359.9
56869.4
53488.1
56466.5
51850.6
57422.3
52727.8
53879.2
52844.9
52565
52050.2
55798.4
52004.4
55128.6
54557.8
53987.6
55200.5
54539.1
53568.8
54298
53503.3
53360.3
53892.6
54729.4
53301.6
55013.7
53131.9
54081.3
53296.8
54163.3
54609.9
53747.5
56424.8
54309.9
54198.1
54262.2
53884.4
55533.3
53474
56438.1
54682.8
53918.1
54817.6
55447.4
55621.2
53608
53415.1
55151.2
54885
53308.6
53638.1
53547.9
56117.3
54499.8
52500.1
53403.7
55464.6
55027.8
53621.3
55235.4
53381.2
55937.2
52694.8
52981.7
55968.9
53058.2
55066.5
55468.9
56398.7
54333.2
53964.3
53783
55541.1
53857.1
55140.3
55300
56717.2
53695.4
55152.9
55531
54051.8
51933.6
52862.9
54793.8
54448.2
54999
55646.3
54439.3
55826.8
55182.6
55534.7
53815.7
53632.3
54661.1
53843.7
53438.1
54953.3
55455
53592
55586.2
56591.5
56702.3
53950.4
54970.7
52671
53747.3
55751.6
55230.5
52775
54264.9
56429.4
53681.4
55482.8
56281.5
54769.4
54573.8
53940.5
53270.6
53103.8
54235.6
54994
53370.5
53887.6
52800.5
55777.1
53140.2
52980.8
55709
55253.1
54012.5
55848.5
53569
55217.5
55514.1
55691.6
54156.7
54844.3
57494.7
54902.4
54091
56285.5
53585.9
53310.3
54512.5
55329.6
53803.3
55346.7
54612.6
54719.1
53654.5
54209.7
56439.8
53619.2
53289.3
55709.2
56378
53902.7
56752
52213.1
52878.5
57125.5
55134.9
55813.2
54921.2
56958.7
56378
56603.8
53933.2
54245.6
53584
55160.9
56223.8
53424.6
53396.4
55021.7
54882.6
54151.3
