17508.6
16904.6
16456
16728.9
16752.8
16918.6
16358.9
16675.6
16325
16440.2
17073
17025.8
16177.4
16592.3
16296.6
16951.2
17023.9
17300
16506
16827.5
16411
17141.4
17469.6
17380.7
16475.1
16681
16486.3
16784.2
16788.1
17000.2
16808.2
16454.2
17101.1
17070.7
17082.3
16550
16034.2
16382.5
16487
16791.6
16027.1
16054.4
16813.7
17183
16844.7
17280.8
16558.7
16902.7
16769.7
17090
16927.1
16744
16009.1
16400.9
16468.7
16979.4
16610.7
16692
17008
17067.6
16974.9
16843.6
16479.5
16494
16624.3
16423.4
16306.3
16615.7
16360.3
17148
16583
17279.7
16663.4
16465.6
16483.7
16999.7
17502.7
16735.5
16680.7
16971.5
16931
17268.3
16618.7
16640.3
17403
16504.9
16304.8
16732.8
16756.3
16700.6
16845.6
15966.7
17403.6
15994
16951
16577.5
16369.5
17093.8
17389.1
16833.7
16499.8
16153.7
16261.4
17578.8
16856.2
16724.7
16902.7
16598.1
16314.7
16499.4
16522
16197.1
16477.1
16143.1
17008.1
16342.3
16441.7
16840
16626.8
16519.9
16797.4
16731.8
16816.8
16207.7
16783.9
17152.3
16870.9
16788.5
16511.7
16202.9
17002.4
17077.7
16992.9
16530.4
16923.5
15893.5
16543.2
16900.4
16825.1
16715.5
16959.2
16318.5
16414.1
17036.6
16203.7
17298.3
16438.8
16582.9
16450.1
16701.4
17112
15922.1
16325.9
16112.1
16613.3
16921.8
16677.8
16623.8
16579.4
16533.3
16342.3
17311.7
16905.1
16073.8
16947.9
16806.3
17026.7
16889.5
17485.4
16731.7
17327
16259.5
16758.8
16239.9
15945.9
16978
16562.3
16191.2
17019.8
16809.6
16625.4
17275.9
16263.8
17055.4
16691.1
16596.8
16285.7
16638.7
17128.8
16741.4
16617.7
16271.8
16501.2
16219.5
16393.2
16807.6
16566.3
16442.1
16378.8
16743.2
16322.7
16689.6
16997.4
16626.7
16575.7
17073.3
17103
16238.7
17188
16586.1
17315.9
16685.5
16279.9
16287.3
16478.3
16984
16088.9
16853.5
16729.1
15859.9
16606.3
17551.9
16678.9
16623
16681.6
17089.9
16672.1
16589.1
16690.6
16591.4
16634.5
16837.8
16165.3
16949.4
16230.6
16673
16420.5
17448.3
16664.6
16592.1
17048.2
17178.5
16271
16595.7
16273.8
16014
16917.8
16872.6
16072.5
17330.1
16893.6
16630.9
16746
16615
16636.3
17194.4
17058.5
16964.8
16494.6
16627.5
16369.7
16865
16649.4
16253.3
16385
16632.3
16837.4
16004
16397.6
17323.4
16579.5
16612.8
16851.3
16967.6
16444.1
16464.1
16737.8
16373.7
16138
16045.6
16953.2
15528.6
16586.9
15956.5
16167.5
16242.1
16764.3
16931.3
16826.3
16780.1
16452.5
16610.2
16771
16796.7
16798.1
16214.9
17497.3
16515.1
17224.2
16655.3
17307.2
16697.3
16009.9
16208.2
16373.8
16558.5
16740.2
17317.3
15837.3
16448.8
16864.3
16565.5
15568
16572.7
16801.8
16620.7
16147
16864.1
16106.1
17057.2
16835.6
17033.8
16510.5
16783.7
16268.8
17261
16866.6
16862.8
16489.2
16041.4
17149.6
16833.7
16574.5
16456.1
17052.8
17393.3
17112.1
16824.8
17229.3
16044.9
17140.6
16903.4
16819.1
17252.8
16105.3
17016.2
16601.6
15972
16571.2
16619.4
16569.5
16696.6
17009.5
16980.6
16241.1
16223
16596.5
16467.7
16558.1
16422
17267.2
17486.4
16242
16462.5
16207.4
16921.9
16214.8
17164.2
16445.2
16677.1
17058.7
16149.5
16521.1
16090.9
16929.2
15755.9
15874.6
16350.8
17434.7
16397.5
16374
17049.8
16874.2
16464.1
16411.4
16517.6
16943.4
16080.9
16501.9
16786.8
16423.8
16004.2
16537.9
17405.8
15899
17494.3
16781
16982
16771.9
16259.5
16708.1
16775.8
17112.9
15747.7
17042.2
16670.3
16469.9
16105.8
16412.7
16953
16196
17258.3
16203.4
16561.7
16423.5
16541.6
16248.3
16070.5
17018.1
16757.8
16049.3
16043.3
17098.6
16174
16848.6
16619.3
17030.9
16468.4
16783.3
16347.8
17592.3
16222.3
16692.1
16632.1
17043.7
16702.7
16902.6
17114.5
16412.9
16313.7
17257.6
16758
16841.8
16697.7
16687.8
16546.4
16206.3
16681.1
16867.1
16875
17337.7
16321.1
16459.6
17141.9
16155.3
16368
16593.4
16568.5
16614.3
17057.6
16625.2
16640.4
16950.8
16774.1
16574
16542.7
16823.5
17071.9
16142.2
16082.7
16636.6
16940.7
16525.3
17446.6
17047.8
16684
16841.9
16822.9
16685.7
16439.1
16098.3
16629.5
16715.3
16598.6
16700.8
16650.5
16610.3
16534.9
16271
16474.9
16077.5
16137.3
17212.1
15872.3
16080.3
16918.8
17088.3
15966.5
16957.9
16213.5
16122
16089.9
15652.7
16242.6
17151.1
16805.8
16951.8
16661.2
16787.9
15981.2
16023.6
17013.4
15933.2
16972.1
16704.8
16307.5
16836.1
16424.8
16116
16612
17225.6
17137.2
16074.6
16866.9
17349.4
17494.8
17056.3
17121.2
16428.2
16812.4
16835.4
16303.2
16908
16555.4
16288.3
17588.4
16538.7
16884.8
16762.2
15880.6
17098.6
16614.3
17146
16379.7
16624.4
17274.7
17177
16216.7
16083.4
15985.8
16947.9
16184.8
17190.2
16937.2
16805.4
16997.9
16708.4
16989.4
16628.7
16518.3
17449.2
16981.6
17075.6
15550.7
16526.6
17645.4
16634.9
16754.6
16679.5
16889.8
16407.9
16786.6
16713.2
16981.4
16620.4
17446.9
16538.5
16295.7
16665.7
16078.5
17118.3
16502.9
16492.6
17568.6
16450.6
16645.1
16929.2
16084.3
16707
16778.6
16679.7
17295.6
16770.4
17075.6
16122.7
16551.8
16300.6
16974.7
16780.4
17168.6
17739.2
16649.8
17400.4
17004.7
16269.9
16532
17145.3
15995.3
16883.9
17099.3
16465
16447.3
16496.9
16545
17097.6
16214.7
17103.4
16233.8
16710.7
16518.3
16519.5
16401
16097.7
16887.4
16060.9
16743.1
16614
17363.5
17056.2
16253.7
16860.3
16284.9
16307.3
16751.2
16556.6
16677.6
16477.6
17549.1
16509.6
16699.2
16294.2
16398.3
16584.4
17617
16673.2
16761.1
16257.6
16527.9
16487.8
16913.5
17003.8
16733.7
15913.7
16206.2
16665.5
16759.6
16394.3
16142.6
16697.1
16150.5
16976.8
16448.5
16896.1
17106.6
15954.1
17120.6
16449
16445.6
17391.8
17227.3
17168.9
16236.3
16238.1
16229.1
16499.9
16527.8
16553.5
17019.9
16598
16632
15974.2
16530
17099.4
15935.5
16730.4
16513.7
17285.4
16390.6
17101.1
16339.1
17439.3
16405.7
17195.8
16890.1
15909.9
17250.3
16584.1
16470.8
16258.9
16640.1
16671.8
16658.6
16580.8
17043.1
17300.8
16655.6
16449.9
16436.2
16886
16423.5
16192.7
16649.1
16203.9
16560.8
16959.3
16837.5
16798
16619.2
17232.3
16454.8
16333.9
16683.8
16360.2
16385.7
16151.9
16586.9
17150.2
17400.8
16659.8
16603.2
16518.7
16918
17068.3
16512
17031
16676.1
17065.6
16880.3
16258.8
17196.8
16689.5
17575.7
16791.3
16909
15873.8
17083.1
16470.6
17191.1
16458.3
16483.7
17621.8
17226.9
16103.3
16559.2
16526.2
16127.9
15962.8
16604
16455.9
16158.9
17237.1
16968.2
17655.1
16801.4
17095.2
16597.1
16379.5
16774.8
17319.5
16243.4
16546.5
16896
16408.4
16978.2
16500.2
16741
16691.9
16751.5
16598.9
16523.8
16684
16179.3
16396.4
16473.9
16310
16248.1
16740.2
16025.1
17357
17355.6
16755.4
16733.1
16222.4
17598.9
16761.1
16495.3
16605.2
16775.9
16112.4
16385.6
15961.7
16518.8
16398.5
17113
16705.4
16282.5
16923
16269.1
16721.9
16533.7
16922.4
16471.3
16781.4
17003.6
16345.7
15686.6
16371.6
16760.8
16810.5
16473.9
16190.3
16624.4
16104.4
16649.6
16978.3
16142.9
16832
16818.2
16624.1
17077.6
15985.8
16447.6
15780.9
15972.4
17116.2
16913.1
16899.4
16339.2
17146.4
17020.7
16344.6
16385.5
15928.2
16423.4
16947.2
17188.8
16582.3
16136.2
17152.3
16844.9
16659.4
17132.8
16960.8
15919.9
16836.2
16643.9
16861.1
16524
17375.1
17015.5
16802.2
16790.6
15941.9
16456
17554.3
16365.5
16184.2
15983.6
16792.1
17248
16207.6
16695.7
16676
16806.5
16539
16219.7
16980.2
16289
16412.1
16629.7
16217.9
16125.6
16931.8
16069.1
15698.6
17002.4
16452.5
16974
16112
17023.4
16539.8
16694.1
16157.8
16989.6
16546.7
16375.5
16701.8
16744.4
16353.6
15989.6
16438.2
16919
15711.7
17193.8
16197.4
16222.7
16289.1
16588.1
15822
16499.9
16575.3
16863.1
17517.5
16914.8
16790.8
16398.1
16045.8
16931.1
17148.9
16853.9
16842.4
17337.8
16746.6
16732.2
16493
17055.3
17246.9
16589.4
16866.4
16010.3
17164.1
16707.4
16080.7
17319
16754.2
16099.2
16979.3
17011.5
16887.8
16688.7
16695.4
15906.5
16673.1
16238.1
16606.3
16569.5
16376.6
16185.8
17162.1
16457.6
16149.1
16553.3
16575.9
16298.4
16523.4
16332
17209.1
16943.3
16351.5
16983.5
16872.2
16268.7
17344.2
16549.1
16565.3
16198.5
16719.6
17093.8
16327
16285.2
16852.5
16662.2
17266.4
16950.7
16402.6
17071.4
16687.4
16301
16622.5
16796.3
16835.1
16848.3
16206.2
16976.7
16726.2
16632
16829.5
16942.3
16613.1
16553.6
16838.9
16367.8
16475.6
16103.9
17132.3
16722.7
17022.8
16206.2
16519
16317.6
