15297
15351.4
15722.2
15209.7
15540.4
15364.9
15662.3
15712.4
15268.3
14967.9
15285.3
15083.9
14959.3
14900.6
15530.6
15528.7
14789.6
15346.2
15189.9
14874.6
15451.4
15131.5
13840.2
15554.8
15163.3
14992.2
15632.2
15050.3
15306.2
15371.7
15270.2
15041.1
14851.4
15702
15076.2
14702.1
16162.4
14925.3
14729.9
15018.6
15107.4
15107
15422.2
15211.3
15037.5
15117.9
14860.8
14829.6
15232.5
14924.6
15607.9
15047.8
15180.3
15428.9
15451.2
15205.2
14883.3
15098.7
14451
15046.8
15245.1
15023.9
14931.8
14815.1
14948.5
15168.2
15263.5
14486.9
14894.3
15853.6
14916.7
14935.8
15447.2
15062.9
15619.8
14374.9
15328.2
14929.5
15212.2
15432.9
14788.8
15288
14874.7
15813.8
14469.7
15004.2
15389.5
15024.9
14995.5
15866.3
15395.3
14623.6
14830.6
15251.5
14842.9
14853.4
15594.3
15071.5
14938.7
15692.9
15243.4
14948.9
15374.4
15875.4
14687.9
15529.3
14867.5
15256.5
15337.6
16008.3
15177.2
15626.7
15077
14933.9
15348.4
14720.4
15469
15176.6
15403.7
15221.1
16032.1
14890.9
15107.8
15696
14598.9
15862
15809.1
15228.2
15135.9
15376.7
15209.8
15137.1
15018.5
15899.5
14811.3
14694.1
15360.8
14869
14640.8
15009.2
14563.7
15041.6
15159.7
15205.2
14529.6
15644
15115.8
14803.9
15384.5
15187
14093.2
14690.5
15601.3
15195.4
14778.2
15318.8
15137.1
14880
15163.2
14886.2
14865.3
14499.4
15744.9
15237.2
15303.3
15001.2
14986
15596.7
15185.3
15368.5
15190
14750.1
14379.8
15808.9
15155.9
15161.5
14911.6
15850.1
14886.1
15319.6
14890.4
15196.2
15541.6
14842.2
15120.1
14790.7
15130.4
15427.3
15180.6
15212.5
14589.5
15251
15011.1
15337.2
14997.7
15585.5
15466.8
14629
15192.8
15584.1
14884
15528.9
15087.7
15032.1
15313.6
15279.1
15817.6
14941.9
15729.9
15533.8
14849.8
15828.4
15747.3
15617
15241.3
15120.2
14975.1
15323.7
15241.8
15554.4
15578.9
15439.7
14983.5
14829.4
15130.9
15642.6
15513.5
14758
14777
15629.1
14975.9
15119.8
15254.2
15831.4
14856.6
15166.1
14995.4
15330.8
15161.2
14733.7
15283.6
15529.9
15509.4
15528.9
15185.2
15556.1
15478.9
15055.3
15199.8
15066.7
14688.5
15249.6
15122.9
14982.9
15134.5
15906
15232
15664.9
14979.5
15107.6
15324.6
15264.7
15172.6
14943.5
15470.9
15100.7
15616.3
14666.6
15200.9
15743
14713.1
14991.1
14638.9
14968.5
14742.8
15995.7
15129.6
15333
15548.4
15230.5
14694.6
15074.9
15161.9
15927.2
15362.2
14941.8
15685.2
15152.3
15131.5
15114
15334.3
15037.1
15115.3
14599.2
14511.5
14938.4
14444
15888.2
14960.6
15075.6
14991.2
15167.5
15281.5
15470.4
14894.5
15992.1
14944.2
14659.6
15432.5
14858.3
14879.3
15876.8
15297.9
15263.6
15258.3
15549.6
15184.5
15614.7
15087.8
15129
15446.1
15068.2
15253.5
15313.6
14568.5
15206.3
15221.6
14961.8
14727.5
15517.3
14631.1
15281.7
15455.9
15161.6
15750.3
14637.9
15107.6
15103.4
15161.7
15123.3
14823.6
14976.7
15011.5
15258.1
15109
15607.1
14862.2
15726.5
15457
15301
14887
16149.5
15424.6
15374.8
15907.2
15100.3
15403.2
15733.1
15449.2
14931.5
15306.9
15021.9
15143.5
14614.9
14799.3
14954.4
14827.4
14964.2
15618.4
15677.6
14901.3
15099.9
14598.7
14979.8
15165
15074
14637
15344
14855.1
14971.6
15142
14900.9
15001.7
15431.9
15823.4
14284.3
15240.8
15588.8
15104.8
15354.7
14962.4
14990.9
14315.3
14770
15374.7
14758.6
15017.3
15011.4
14252.6
15793.3
15321.7
15060.6
15123
14765.4
14898.6
15646.9
15454.9
15111.6
15472.3
15163.6
14430.3
14998
15253.8
15815.3
15133.1
15143.1
14925.5
15303.6
15364.8
15285
15056.9
15248.7
16163.8
14902.4
15114.4
15701.4
15458
15472
14920.8
15210.6
15373.5
15506.6
15319
15415.7
15104.2
14578.9
15338.2
15314.3
15765.7
15578.7
15561.6
15779.9
15132.5
15299.5
14712.5
15253.6
14915.5
15617.3
15118.4
15682.4
15414.6
14895.3
14843.2
14641.5
14893.3
15213.6
15211
15268
15127.4
14672.3
15087.8
14485.1
15339.1
15344
15137.3
15372.4
15125.6
15261.6
14763.7
15084.9
15619.7
16014.1
14679.1
14990.1
14926.5
15949.1
15448.3
15163.1
14553.9
15011
15450.6
15376
15141.3
15539.6
15018.7
14970.5
15134.8
14717
15071.9
14713.8
15205.5
15503.5
14841.1
15082.8
15450.6
15626.4
14635.2
15154.9
14931.2
15889.3
14419.6
14581.9
15250.1
14845
15847.3
14605
14953.9
16232.1
15415.7
15806.3
16061.5
15294
14830.6
15182.4
15293.2
15288.9
15558.5
14756.9
15003.2
15274.5
15776.6
15453.6
15858.3
14832.5
15226.5
14950.4
15061.9
14883.5
14847.8
15238
14947.6
15319.6
15300.6
15090.8
15053.7
15392.6
15753.1
15189.3
15687.4
15111.8
15020.5
15511.3
15361.7
14986.4
14445.7
15577.7
15129.1
14691.6
14484.8
15268.6
15117.4
15457.4
14650.3
15132.9
14754.4
14777.3
16198.6
15467.8
15109.8
15503.1
15069.9
15706.4
14864.2
15498.8
15305.3
15784.5
15467
15248.6
15403.9
15263.8
14756.3
15479
14972
15357.2
15709.8
15954.3
15332.2
15502.3
15483.3
15010
15251.2
15078.2
15645.2
14643.6
14934.8
16123
14678.5
14927.9
15313.3
14766.4
15303.5
15715.5
14779.4
14262
14825
14533.9
14516
15209.8
15481.7
15830.6
14892.9
15387.8
14647.3
15646.2
15118.7
15221.8
15662.6
15608
15587.5
15525
14994.3
15744.7
15213.1
15964.5
15386.9
15079.3
14867
15055
15379.2
15578.8
15736.5
15583.6
15025.2
14942.6
15026.6
15133.4
15329.9
15352.7
14757.5
15103.2
15197.1
15386.7
15530.7
14824.5
15135.1
14550.8
15263.3
14980.4
14979.7
15547.5
15449.6
15097.8
15333.8
15610.6
15358.9
15080.9
15163.2
14961.9
15538.9
14624.4
15183.2
15388.6
15234.8
15053.8
15318.2
15407.6
15261.2
15555.8
15739.6
15135.1
14819.1
14883.1
15193.4
15024.1
14578.5
14806.4
15183.2
15225.5
15383.4
14996.5
15712.1
14969.9
15111.5
15292.5
14875
15175
15314.2
14884.3
15198.6
14659.5
15175.5
15186.6
15193.8
15396
15378.4
15268.6
14738.3
14962.8
15917.8
14927
15681.1
15230.2
15035
14954
14720.2
14730.2
15043.4
15203.1
14977.7
16076.7
14836
14954.4
15364.5
15395.4
15617.5
14828.1
15462.6
15219.5
14712.4
14735.4
15550.8
15239.4
15264
15410.2
15581.3
14752.3
14932
15051.4
15170.3
15658
15165.9
14578.9
15094.1
15183
14904.1
14693.4
15368.1
15512
14963.9
15385.8
15632.3
15375
15140.5
15565.3
14724.9
15670.5
15590.8
15046.7
15285.9
15079.2
15491.7
15838.8
14822.7
15854.5
15490.9
14676.3
14684.4
15992.5
15906.6
15014.3
15487.7
15283.5
15324
15001.6
15111.5
14880.8
14395.7
14616.5
15186.5
15389.2
15036.2
15560.2
14871.7
15033.1
15429.4
15762.2
15621.8
14926.8
15239
15290.7
15121.8
15039.7
15255.7
15325.2
15798.7
14615.8
15426.6
14992.1
14741.1
14351.1
15018.7
15304.3
14739.1
15675.8
15294.1
15220.8
15604.1
15193.8
14695.9
15239
14869.9
15378.2
14801
15190.2
14951.1
14843.1
14872.6
15133.7
15152.6
15272.8
15110.2
15447.2
15394.2
15173.5
15023.8
15677.1
14838
14813.8
15260.7
15514
14604.1
15573.7
14870
15779.3
15077.7
15320.5
14943.7
15414.2
15857.2
14729.6
15005.3
15558.9
15744
15107.1
15762.8
15289.4
14825
15372.5
15279
14936
15240.5
14477.1
15340.2
14954.9
14877.6
14889.3
15191.4
15459.2
15291.6
15718.5
15038.2
15647.8
15593.4
14609.9
15200.3
15300.9
14636.8
15364.3
15035.2
15715.1
15396.2
15430.3
15423.4
15006.3
15168.5
15149.5
14658
15060.6
15361.8
14251.5
15264.1
14928.9
15300.7
14773.4
15548.2
15080.6
15010.9
15099.4
15613.7
15342.5
15160.1
15441.3
14689.8
15173.4
15039
15564.2
15265.7
14675.7
14657.8
15033.2
14944.1
15262.7
15193.6
14891.1
15554.6
15343.8
14579
14713.3
14787.4
15019.2
14339.1
14806.1
15649.4
15718.4
15683.3
14536
15263.9
15137.9
14980.7
15119.5
15156.9
14909.2
15058.1
15470.4
15182.7
14970.7
15154.4
15374.7
14445
15574.1
15787.3
15046.4
15571.1
15217.7
15058.5
15202.1
15401.4
15108.6
15213.2
15518.7
15263.2
15698.8
15031.4
15038.6
15697.4
15212.1
15362.4
15195
15542.7
15335.1
14870.2
14543.1
15292.2
15018.2
15046
14964.1
15645.4
15699.2
14926.3
14448.4
15390.8
15729.8
15042.3
16158
15432
14787.5
14826.5
15788.8
15796
15469.6
15973.4
15229.8
15039.6
15758.1
14541.8
15092.8
15103.6
15473.6
15842.2
15212.3
14792.8
14519.2
14962.2
15142.7
15322.1
15222.7
15483
15496.8
14494.3
14333.6
15206.2
15328.5
15162.8
15233
15115.8
15400.5
14858.2
15020.5
14901.4
15635.1
15480.9
14665.9
15819.8
14522.6
15030.6
15181.3
14784.1
14844.9
15335
15174.2
14927
15465.7
14906.8
15728.4
15046.4
15120.1
15429.7
15174
15004.5
15332.7
