14103.8
14302.2
14281.5
14004.8
14058.2
13997.3
13624.9
13293.4
14102.5
14327.6
13988.5
13936.6
13371.4
14248.1
13626.8
13712.1
14190.4
14096.2
13004.2
13802.8
13759.4
13982.9
14007.4
13333.6
14257.1
14257.3
14285.8
14059
13415.2
13729
13759.2
13473.3
14127.7
13763.7
13586.3
14389.7
13606
14198.6
13640.3
13934.6
14467.1
13761
13604.7
14085
13858.3
13742.8
13635.4
14015.8
13983.3
14076.3
14214.7
14352.3
13300.1
13808.3
13928.6
13326.2
12931.5
13746.7
13525.7
13858.8
14648.9
13954.6
15155.7
13559.4
13482.1
13694.3
13807.4
14095.2
14667.5
14277.8
13120
14067.2
13864.9
13846.3
14438.6
14300.3
13943
13872.4
14307.3
13942.3
14285.7
13389
14123.5
14478.1
14068.3
13730.7
13606.7
13887.3
13895.9
14414.7
13963.2
14143.7
13769.5
13413
13572.4
13554.1
14181.7
13386.2
13624.8
13626.9
14049.6
13939.8
14036.5
14004.5
13882.7
13211.1
13829.2
13732.7
14062.2
14269.4
13616.4
14092.5
13403.1
14028.6
14167.7
13637.5
14094.2
13975.3
13459
14214.2
13956.1
14054.5
13817.9
13326.3
14416.6
14495.8
13474.5
14192.8
13829.4
14056
14041.5
13910.9
13750.4
13758
14766.1
13930.4
14509.3
14090.4
13519.3
14433.7
13415.7
14185.6
14219.8
13877.2
13944.6
13907.4
13176.6
14172.1
13495.2
14143.7
14399.6
13758.2
14237.1
14731.5
13907.5
13499.8
13912.7
13727.8
13586.2
14007.1
13955.1
13953.1
14602.2
13921.2
13907.7
13521.6
14010.5
13974.3
13948.6
13260
14554.5
13519
13932.1
13723.3
14329.2
13806.3
14136.9
13927.1
13936.6
14844.1
13707.1
14073.8
14354.3
13991.1
13908.5
13862.6
14094
14089.2
13331.6
13969.2
13549.4
14468.1
14056.4
13948.3
13551
13879.6
13484.4
13592.3
13973
14357.3
13743.8
13109.2
13991.6
13811.6
14400.2
13474.1
13808.2
14094.9
14568.1
14137.9
13699.9
13178.5
13257.7
13695.3
13014.3
14523.8
14322.7
13934.6
13631.7
14029.4
13851
14422.7
14569
13812.1
14671.5
14444.7
13734.8
13697.2
14011
13287.2
13289.2
13856.4
13250.8
13761.9
14216.3
14003.4
14136.6
14453.6
14053.6
13794.2
13581.9
13510.8
13487.4
13716.6
14061.3
13946.7
14555.7
14664
14001.1
14149.6
14077.7
13182.1
14272
13902.3
14275
13895.2
14091.8
13278.9
13439.6
13983.5
14221.7
14360.4
13586.5
13845.5
14377
13869.6
14108.7
14080.6
13633.1
14631.6
13786.5
13589.2
13557.6
14037.2
14350.4
13877.7
14090.3
14442.8
14496.7
14085.7
13976.5
14205.4
13490.5
14311.8
13937.6
14028.2
13872.3
14042.9
13819.3
13325.8
14260.9
14078.6
13838.6
13977.4
13639.4
13950.9
14128.1
13814.1
13963.1
14518.1
13932
14213.3
13637
14000.9
13907.6
13861.6
13963.6
14171.8
14231.7
14042.1
14140.8
13905.7
13814.9
14079.3
14248.1
14312
14259.8
14022.3
14242
13621.2
13556.9
14510.6
14336.9
14341.9
14531.5
13898.9
14233.1
13692.2
14082.1
13645.1
14186.5
13617.4
13963.3
13985
13694.4
13818.7
14259.5
14017.2
13567.4
14071.5
14401.8
13678.3
14293.3
14415.9
14161.5
14204.7
13893.1
14090.7
14065.5
13479.7
14211.2
13991.1
13205.4
13770.2
14238.8
13367.1
13892.5
14241.2
14045.1
13748.8
13643
13727.9
13925.5
13820.1
13419.8
13768.6
14023.2
14174.7
14380.8
14013.4
14707.4
13744.4
13930.4
13967.8
13760.2
14190
14291.9
13622.6
14418.8
13949.2
14085.6
14049.9
13727
14478.9
13740.3
13769.5
13865.7
13598.1
13586.6
13967.8
14177.4
13737.1
13353.3
13465.6
13806
13704.6
14523.5
13856.7
13899.9
13429.9
13804.9
13526.5
14497.1
14304.4
13675.9
13867.8
13961.8
14491.6
14144
13371.8
13816.6
13981.4
14020.6
13322.5
14257.1
13506.9
14418
13677.9
14309.1
14405.4
13349.8
14404.2
13994.6
13713.4
13938.9
14208.2
14081.8
14012.6
14158.5
13947.7
14048.8
14226.9
13982.1
14374.2
14091.2
13988.2
14526.3
14265.4
14302.2
14333.5
14462.6
13617.6
14088.9
14346.3
13882.1
13776.4
13986.5
13892.7
14255.6
13647.8
13871.9
14032.7
14663.5
14101.3
13537.4
13960
14170
14174.7
13956.3
14086.8
13938.9
13889.5
14231.8
13401.4
14367.1
13615.8
14025.4
14076.3
13900.8
14319.7
13998.5
14002.4
13823.8
13851.5
14030.1
13680.6
13831.5
14014.6
13983.9
13900.4
14199.1
14102.1
13689.4
14512.6
14345.6
14022.2
14063.2
13764.1
13409.7
14027.7
14474.9
14197
14967.6
13924.5
13547.8
13690.2
13778.8
13793.4
13816.5
14431
14407.3
14085.8
14057.4
14130.2
13805.7
13537.8
14031.7
14365.1
13742.6
13830.2
14704.7
13907.1
14056.2
13831.3
14531.4
14673.2
13421.9
14615.7
13747
13776
14164.3
14465.5
13935
14193
14184.2
14051.5
13469
13169
13858.9
13498.2
14013.9
14005.5
14718.5
14232.6
14278.8
14207.9
13787.3
13870.1
13488
14167.7
13696.7
14175.5
13291.1
14340.7
14173.5
13797.9
13499.8
13806
13872.3
14460
13425.1
13577.5
14384.2
13377.4
13789.3
13819.7
13775.7
14234.5
13767
14413.4
13954
13821
13986.6
13680.1
14503
13931
14095.5
13994.4
14327.2
14181.5
14177.4
13580.6
14107.5
14062.7
13822.3
13846.1
13403.1
14008.7
13528.4
13748.9
14056
14042.8
13883.9
14052.2
14305.9
13567.2
13672.5
14228.4
13642.3
13572.4
14491.2
13486.5
13679.4
14910.5
13737
14610.7
13818.7
13779.5
14145.2
14404.3
13897.2
14117.4
13242.6
13961.8
13777.4
13750.9
13804.4
14844.5
13933.3
13832.3
13280.6
13928
14274.5
14353.7
13723.9
13672.5
14568.4
13669.3
13664.5
14125
13811.8
14408.9
13865.8
14003.1
13927
13854.4
14480.2
13313.4
13361.3
13864.8
13951.3
14027.6
13779.4
13648.6
13805.4
14088.5
13678.4
13595.6
13488.2
13569.4
14695.7
14019
14289.9
14225
13624.7
13976.1
14190.5
13761.1
14339.1
14077.7
14202.7
13913.5
13912.5
14481.2
14382.7
13819.4
13577.9
14376.1
13569
14085.7
14360.6
13289.8
13609.9
14404.6
14355.7
14474.4
14473.1
14253.8
13645.8
14371.5
13829.1
14044.3
14491
13877.9
13762
13961.3
14074.4
13878.2
13239.5
14085
14153.4
14111.3
13346.1
13763.6
14394.2
13661.3
13766.2
14179.2
14278.6
13164.7
13962.7
14681.4
13521.3
13992.6
14184.1
14094.3
13692.6
14262.3
13903.1
13596.4
13931.3
13609.8
14395.7
14518.4
13775.8
13936.8
13793.7
14565.3
14185
13962.6
13893.1
14438.5
14687.9
13329.4
14153.9
14539.2
13944.3
14161.3
13653.3
13789.6
14646.3
13826.8
13700.3
13918.8
13714.2
14332.5
14342.4
13822.6
14661.6
13812.5
14177.6
13878.4
13406.9
13770.5
14200.7
13438
14408.1
14067.7
14244.7
14031.1
14355.3
14117.2
14070.5
13812.2
13927.4
14585.2
13899.4
14600.9
13697.7
13748
14065
13944.1
13887
13570.9
13981.4
14384
13627
13735.3
13554.2
14224.1
13505.3
13651.8
14246.2
14475.1
14134.5
14240.4
13859.6
14814.5
14418.5
13971.2
14132.5
13983.1
14197.8
13781.1
14022.9
14118.9
13570
14190.5
13858.2
13745.1
13619.4
14055.8
14370.9
14151.1
14200.8
13945.2
13676.4
13693
13412.6
13409
13883.4
14383.6
13377.1
13833.5
13876.9
13832.6
13650.1
14113.4
13881.1
13992.3
14265
14057.9
13785.3
13556
14305.2
13996.3
13904.4
13264.7
14222.4
14228.5
13862.2
13711.7
13814.9
13848.1
14131.4
14549.1
13863.2
14028.7
13840.2
13987.4
13718.9
14033.2
13733.3
13972.7
14103.4
13738
13656.4
13313.2
13916.5
13895
14858.7
13458.3
13701.6
13778.2
13531.6
13705
14136.8
13848.1
13994.5
13775.5
14070.9
13783.1
14313.4
14526.3
13921.7
13265.9
14041
14849
14163.1
13627.8
13788.4
14110
13866.2
13725.5
14112.1
14465.2
13726.3
14188.2
13735.4
13760.4
13781.6
13887.5
13787.7
13134.2
14551.3
14138.9
14180.8
13916.1
13836.8
14442.5
13931.6
13962.4
13634.9
13334.9
14172.2
13732.6
14197.3
14079.9
13875.6
14646.9
13779.8
13584.9
14203.4
13634.8
14248.1
13537.7
13936.8
13933.3
13791.4
13715.9
14065
13486.4
14516.3
13907.3
13950.2
14131.7
13280.9
13844.6
13667.7
14265
14556.1
13859.9
14434.9
14057.1
13444
13950.3
13819.9
13986.3
13616.5
13547.4
13846.9
14231.1
13430.9
13941.9
13725.7
13578.8
13735.8
13770.7
13968.6
13895.2
13750
13600.9
14679.8
13314.7
13880.1
13881.7
13878.7
13782.8
14524
13783.5
13884.9
14320.7
14403.6
13549.7
14299.1
13793.7
13581.4
14522.2
13947.2
13634.2
14075.3
14276
13985.4
14346.5
13701.5
13988.7
14396.4
14581.5
13463.4
14114.2
14122.4
14126.2
14006.8
13570.1
14438.6
14019.6
13966.3
13222.7
14061.1
13852.3
13719.9
13608
14169.4
13999.2
14180.4
14248
14330.5
14392.6
13825.8
13642.6
14462
14367.4
14182.4
14129.3
14440.3
14359.2
13102.1
13640.3
14395
14157.9
13848
13474.1
14149.7
13847
13937.1
14139.3
13796.8
14264.6
14570.1
13813.3
14199.1
13252.8
14491.4
13336.1
13448.8
14050.3
14502.1
13974
13874.3
13675.6
