12863.1
12371.3
13802.4
13343.6
12931
13208
13332.9
12653.6
13140.9
13417.8
13142.2
12823.7
12940.1
13011.9
12990
13268.6
12731.9
12817.7
13125.4
13368.9
12588.4
12837.6
12968.9
12896.4
12952.4
13643.7
12675.8
12671.4
13236.7
12954.9
12979.8
13101.4
12204.7
13017.6
12927.7
12731.9
12402
12642.7
12860.3
12544.3
12811.6
12748
13234.1
12762.6
13038.1
13164.7
13470.1
12525.5
13272.5
12557.4
13197.3
12869.7
12845.3
12494.7
12319.9
12329.3
12677.7
13031.2
13068.6
12485.4
12553.8
13219.3
12922.8
13125.5
13088.9
12182.8
13281.1
13038
13100
13067.8
13138.1
12983.2
13169.4
13063.2
13031.1
13588.7
13195.9
12553.1
12824.9
12704.7
12806.3
13053.8
13546.5
12835.5
12647.6
12966.2
12591
12732.4
13131
13012
13207.3
12941.2
12921.7
12673.7
13282.8
13472.7
12577.3
12922
12970.5
12703.6
13033.7
13349.7
12799.2
12784.2
12827.8
12732.1
13053.3
12884.2
12834.1
12299.8
12847.4
12821.2
13524.7
12637.6
12813.7
12549.1
12840
13093.4
12843.4
12595.7
12734.4
13192.5
12698.9
12913.3
12940.4
12836.3
13399.4
13066.9
12657.2
13229.4
12712.8
13197.9
12900.2
12750.8
13594.1
13067
13118.3
13338.7
12820.9
13282.9
13127.3
12452.4
12546.3
13103.4
13415.6
12784.2
13042.1
13697.1
13337.4
12875.1
13029.7
13146.6
13010.2
12675.6
13347
13532.4
13600
12600.5
12808.3
12567.4
12930.4
12707
13195.1
13367.8
13301.4
12958.7
12860.9
12407.2
12826.1
12742.5
12746.4
13239.2
13328.2
12767.8
13073.8
12469
12733.2
12933.8
12672
12553
12869.6
12900
12743.9
12385.9
12812.8
12843
12649.7
12995.2
12585.8
12815.4
13373.5
13317.4
13200.4
12957.7
12769.8
12778.3
12698.3
13260
12623.7
13195.9
12571
12820.2
13233.6
13092.4
12369.2
12623.8
12511.5
12841.1
13013.4
12587.3
12838.5
13384.9
12540.4
13231.4
12845.9
12218.5
12639.1
13421.4
13305.3
12931.4
13039.1
13054.7
13525.9
12946.7
13000.7
12902
12753.5
12928.2
12501
12739.6
12452.9
12536.7
12912.1
13529.3
12953
12848
12783.9
13111.3
12803.1
12646.2
12969.4
12830
13163.1
12802.3
12976.7
13422.6
13098.4
13378.9
13083
13187.4
12876.4
13202.6
12692.9
12460.3
13273.4
12909.2
12912.3
12988.5
12815.5
13142.3
13158.1
12722.1
12902.1
12017.9
13297.6
13596.6
12893.5
12845.6
12788.1
13595.5
12781.5
12702.7
13507.9
12840.3
12586.4
12835.3
13710.4
12434.7
12491.9
13149.1
13711.8
13583.6
12602
12570.3
13681.7
12990.5
13122.9
12781.1
12755.7
13198.5
13306.1
13000.3
12956
12290.3
12430
12866.8
12733.5
12835.4
12919.7
13394.9
13424
13274.2
13055.2
12738.8
13462.9
12916.6
12543
12858
12985.5
13321.6
12726.8
12679.2
12824.8
13031.5
12806.5
13120.9
13549.5
12703.1
12977.8
12962.3
12382.1
13110.3
12589.1
13310.8
12558.8
13224.7
12985.1
13152.8
13276.9
13044.1
12784.5
12948.7
12973.3
12999.8
13121.4
12884.3
12551.3
12933.3
12857.7
13266.3
13218.1
13480.2
13030
13037.3
12740.3
12801.4
12768.6
12935.2
12638.8
12749.5
12731.7
12575.8
12675
12951.5
12551.5
12868.6
12660.7
13256.5
12363.1
13054.8
12722.3
13294.9
12680.6
13492.3
12998.1
13076
12362.4
12522.9
13453
12880.9
13577.6
12551.2
13325.4
12832.1
13055.5
12413.4
13558
12623.7
12768.7
13130.5
13327.1
12723.6
12855.4
13379.6
12925.8
13449.6
12972.8
13040
13456
12976.8
13138.5
13073.4
12849.5
13426.5
13514.2
13072.1
13038
13084.5
12726.4
13085.5
12704
12555
13432.5
13336.3
13460.7
12914.4
13642.7
13421.3
12827.8
12754.3
12678
12418.6
12604
13071.3
12925.5
13432.6
12580.5
13148.2
13184.8
12533.2
12695.9
12749.9
13308.3
12363
12710.1
12194.4
13022.8
12772.5
11837
13563.3
12958.6
12894.7
12591.8
13790.9
12943.8
13221.4
12844
13331
13153.4
13280.5
12888.2
13195.3
12769.6
13153.2
12790.3
13184.2
13559.7
13223.5
13001.9
13182.9
12976.9
12846.9
13359.2
12616.5
13436.7
13202.3
13059.4
12677.1
11905.8
12781.4
12096.6
13136.3
12939.3
12735.5
13560.1
13287.4
12646.8
13474.4
12471
13055.5
12907
13531.4
12996.5
13170.2
13088.8
13460.1
12709.3
12828.3
12749.1
13247.9
13003.9
12658.6
13099.2
12659.1
12198.9
13125.2
13019
13493.4
12500.8
13039.2
13076.2
12997.3
12878.2
13564.8
13107.4
12825.5
12985
12640.6
13350.6
12580.7
12900.2
12428.7
13230
12732.4
12756
12725.3
13167
12642.5
13276.2
12850.8
12651.7
13389.5
13112
13118.8
12399.1
12969.7
13481.8
12715.9
12445.7
12864.6
12616.6
12582.6
12631.1
13042.2
12811.7
12832.9
12809
13214.4
12927.9
12467.1
12908.8
12236
12928.6
13404.9
12817.4
13153.7
12546.8
12951.8
12792.3
13271.2
12348.5
13075.1
12322.1
12708.5
13244
13429.4
13241.4
13369.2
13365.9
13158.2
12617.1
12337.3
13092.4
12336.7
12783.2
12890.8
12964.9
13184.2
13031.8
12835.9
13037.1
12775.2
12844
12851.1
12663.3
13062
12965.2
12372
12944
12873.4
12891.7
13226.7
12877.3
12947.1
12753.6
12712.4
13057.5
12985.7
12881.8
13276
13512.1
13124.8
12953.9
13112.6
12677.1
13321.4
12828.6
13140.9
13207.2
12862.7
13594.8
12525.7
12940
12611.5
13613.4
13541.7
12519.6
12832.3
12989.9
13355
12903.2
12367.4
14089.1
12893.8
13221.4
12660.5
12935.3
12520.8
13153.1
12893.4
13234.5
12760.1
12666
13633.8
13131.7
13219.7
13391.5
13289.3
12863.5
12732.6
12667.6
13196.7
12969.8
13071.9
12850.8
13258.6
13300
12532.6
12596.3
12894.4
12882.9
13270.6
12849.3
13137
12861.1
12582.8
13218
12607.9
12783.1
13147.2
12585.6
12493.6
12871.3
12609.7
13132.4
12952.1
13229.5
13970.6
12821.8
13080.5
12397.7
12861.3
13096.1
13806.5
12923.8
13461.5
13515.8
12584.7
13082.6
13292.7
13174.6
12915.5
13350.6
12901.7
12556.4
12790.2
12673.5
12167.2
13732.9
12779.8
12727.8
13100.5
12998.3
13247.1
12266.7
13101.8
12678.1
12817
13170.4
13237.7
12472.2
12554.9
12836.2
13419.9
12647
13338.8
13156.8
12677.7
12933.1
13168
12952.9
12922.1
12755.1
13355.5
12746.4
12597.5
13242.7
13209.3
13173.8
12985.7
12847.3
12723.4
12792.7
12929.7
12759.3
12909.5
12813.6
13289.4
13347.9
12659.4
12876.9
12729.7
12463.1
12893.8
12726.8
13390.9
12961.7
12876.4
12856.6
12485.9
13177.6
12736.2
12630.1
13529.9
13000.9
13039.5
12624.3
13257.2
13026.3
13060.8
12254.8
13457.4
13101.6
12834.7
12609.1
13355.9
12799.7
13111.6
12445.8
12970.5
12672.6
12616.3
12846.4
12927.2
13480.9
12727.6
12967.7
12775.7
13023.2
13086.2
12252.9
13108.8
12765.8
12941.3
13066.8
12877.6
12976
13137.1
13136.7
12714.4
12959.8
12678.2
12703.7
13017.2
13621.9
12444.8
13010.3
12784
12644.1
12430.8
13122.4
12680.1
13327
13462
13124.1
13720.7
12982.4
12520.9
12565.2
12886.5
12860
12893.8
12471.6
12960.8
13635.6
12564.1
13460
12708.9
13090.5
12667.7
13417.2
12633.3
12672.6
12905.9
12552.5
12403.8
12837.4
12719.4
12380.8
12761.1
13009.6
13146.7
12772.1
12835.7
12478.6
12911.8
12732.1
13151.5
13310.3
13349.6
13189.6
12574
12831
12761.1
12595.3
12876.9
12666.5
12424
12954.4
12932.2
13019.7
13166.7
12733.9
12809.3
12680.6
12941.7
12998.8
12546.1
13150.3
12865.3
12536.1
13206.2
12711.3
12879.5
13037.9
13039.9
12982.1
12663.5
12916.2
12871.2
12709.8
13048.7
12673.5
12757.7
12905.3
12895.7
12697.4
13661.7
12977
13051.6
12757.7
12723.3
12100.9
13065.6
13006
13101
13049.8
13027.7
12909.1
13316.3
13385.8
12811.2
12837.2
13260.4
13129.6
12627.5
12601.3
12321.1
13155.7
13312.6
12402.1
12980.8
12522.8
13207.6
12682.3
12863.5
12690.2
13201.3
12989.3
12737
13067.6
12797.8
12634.5
12952.2
12934.8
13121.7
13352.1
12852.7
12914.6
13093.6
12987.6
13222.3
12426
12609.6
12714.3
12266.2
12850.4
12971.4
13375.9
12983.7
13032.9
12800.3
13177.8
12987
13265
12387.2
13434.3
12902.7
12557.7
13030.1
13259.4
12796.3
13540
12288.2
12896.3
13013.2
12380.4
13013.9
13079.8
13153.4
12912.7
13224.4
12798.7
13266.6
13221.2
12851.8
12987.1
13399
12657.6
12806.2
13079.5
13424.3
12667
13207.2
13042.9
12382.6
12751.2
12922.1
12741.9
12619.7
12909.2
12853.2
12649.5
13024.9
13105.2
12538.2
13120.5
12936
12654.3
13130.8
13030.8
12784.2
13154.9
12357.2
12415.5
12898.9
12848.2
12731.4
13005.3
13110.5
13523.5
13089.8
12693.9
12007
12533.4
12204.2
12487.9
13564.9
12807.9
12859.6
12932.2
13670.4
12902.6
13191.1
12923.6
13281.4
12763.6
12703.5
13234.9
13391
13013.8
12694.3
12437.8
13402.1
12826.3
13162.2
12717.4
12985.2
12682.6
12611.5
13009.9
13035
12604.4
12900.4
12899.4
13345.7
12596.5
12746.7
12838.3
13435.8
