11745.3
12169
12425.3
12040.4
12223
11905
12459.5
12438
11991.3
12123
12170.6
12133.5
12232.2
11633.3
11700.3
11984.3
12103.2
12177.4
12177.4
12286.7
11770
11713.4
12480.3
11946.6
12165.2
12859.4
12425.2
12043.2
12226.6
12179.5
11813.9
11802.9
12018.4
11948.2
12253.7
12115.3
12301.7
11858
12035.2
11792.4
12799.8
12035
12268.8
11692.7
11985
12045.6
12137.2
11842.3
11935.5
11844.3
11638
12850.1
11605.1
11892.2
11892.9
11544.9
12444.9
11998.5
12195.1
11964.7
12374.2
11944.6
11913.8
11890.6
12328.1
12214.1
12089.3
11866.4
12117.1
11787.4
12612.2
11873.8
11867.4
12573.4
11915.9
12033.6
12006.2
12347.9
12211.9
11923.1
12536.6
12015.2
12541.6
11925.2
11914
11823.5
12541.1
12369.7
12109.9
12561.9
12398.5
12050.4
12115.7
11889
12501.2
11859.5
11937.8
11635
12143.8
11442.3
12514.4
12566.9
12166.1
11941.3
11983.2
11762.8
11739.1
11935
11705.3
11931.4
12759.1
12160.9
11482.5
12282.7
12139.7
12015.3
11737.6
11891.7
12366
12280
12199.3
11750.7
12562.1
12476.3
12426.4
12369.4
11656.9
11836.9
12040.8
11978.7
12491.8
12565.8
12360.1
12686.1
11646.3
12021
12347.9
12101.1
12630.3
11992.5
12095.8
12291.1
12032.4
12206.2
12283.8
11751.5
12302.5
11978.4
11976.1
12156.2
12104.6
12188.5
11951.4
11745.7
11934.8
11845.1
11779.4
12117.1
11822.4
12034.8
11736.7
12578.7
12200.2
11952.8
12203.3
12095.5
12285
11572.5
12107.8
12021.5
11847.6
12270.7
12046.5
12015.2
11869.2
12259.8
12324.7
12533
12048.2
11902.3
11905.5
12776.8
11873.8
11952.3
11367.9
11977.7
11799.1
11883.7
11834.5
11506.1
12036.8
12198.6
12276.2
12032.3
12112
11744.3
12332.7
12062.7
11715.7
12550
11960
11892.3
12141.6
12046
11702.9
12089.8
12017.7
11487.1
12533.3
12077.6
12563.4
12393.4
11823.7
11751.4
11710.6
11890
12541.2
11683.4
12060.6
11943.2
12320.1
11612.2
12346.2
12373.1
11795.5
12614.3
11621.4
11658.1
12109.6
11970.6
12451.2
11700.3
12060.3
12193.8
12589.5
11994.2
12519.6
12067.8
12298.2
12102
12043.9
11858.5
12032.2
12001.5
11866.2
12194.3
11718.8
12063.6
12900
12144.4
12549.5
12449.9
12005
11701.3
11993.4
11584.5
12305.5
11981.2
11654
11773.8
11505.8
11787.9
11780.2
12006.7
12380.2
11504.5
12019.4
12451.8
11654.8
12161.7
12067.1
12247.3
11945.4
12233.5
12245.9
11785.5
12110.1
11567.5
12019.5
12272.2
12048.2
11623.4
11953
12170.3
12031.8
12083.1
12246.8
11808.3
12070.2
11725.3
11689.3
11746.4
11641.3
11928.7
11796.5
12252.1
11820.8
11887.7
12391.7
11940.3
11945.2
12243.6
12425.9
11817.3
11625.1
12329.8
11538.8
12022.3
11415.4
11992.9
12633.4
12137
11836.4
12207.8
12469.3
11949.1
12158.5
12339.3
11790.1
12051.2
12480.1
12417.6
11600.2
12045.4
11724.2
11591.4
12289
12696.1
12072
11817.3
11313.4
11977.2
11496.4
12190.6
12039.8
11570.7
12017.6
11805.3
12205.8
11774.5
12751.7
12704.8
12197.3
11578.4
11872.6
12170.5
12084
12247.1
11664
11857
11567.2
11929.1
12362.2
12231.8
11772.6
11463.2
11726.1
11835
11930.7
11912
11819.2
11993.5
11914.7
11662.5
11797.3
11799.9
11991.6
11877.7
12116.9
12429.4
11476.7
11893.9
11980
12440
11812.9
12514.5
12181.6
11837.4
12415.4
12619.7
12195.5
12277.5
11624.6
11872.8
11835.1
12163.6
12461
12113.9
11568.3
11808.8
12051.5
12150.2
11982.2
11848.2
11956.5
11668.6
11760.2
12054.8
11721.9
12207.4
11509.9
11456.4
11905.9
11838.3
12397.9
12068.3
11981.3
12692.4
12096.9
11499.4
12690.4
12233.1
12477
11611.3
11946.4
12302.4
11598.9
12199
12202.4
12027
12681.4
12441.5
12477.4
11866.4
12095
12345.4
11718.9
12689.1
12605.5
12200.4
11652.7
11852.4
11948.1
11780.1
12473.5
12269.6
11682.3
12169.2
12421.7
12115.2
11985.9
12716.8
11909.6
11476.8
12292.9
11874.8
11866
12275.7
12062.4
11760.5
12379.9
11834.9
12158.1
12222.4
12331
12056.4
12364.6
12138
12202.9
12091.8
12157
12003.8
11746.7
12041.8
11797
11647
11709.3
11603.4
12077.6
11405.6
12316.5
11900.4
12141.1
11883.2
12369.8
11787.7
12379.6
12147.6
12057.4
11817.6
11869.9
12391.6
11766.5
12490.3
12191
11959
12024.1
11953
11648.5
11591.3
12089.1
12278.2
12095.2
11925.5
11760.4
12247.9
12087
11897.6
12242.3
11647.3
12158.9
11762.6
12225.8
12067.1
11763.8
11809.2
12651.9
11967.8
11826.2
12621.6
11760.3
12564.3
12221.4
11431.6
11626.1
11575.5
12057.1
11915.3
12606.6
11854.1
12191.1
12053.7
11805.7
12276.9
12220.9
12152.8
11911.4
11723.1
11654.1
11551
12351.7
12161.1
11764.8
11473
12406.1
12015.8
12288
12355.2
12236.6
11831.3
12021.3
11577.7
11763.1
12383.7
12314.2
12195.2
11908.3
12510.7
11554.9
11684.4
11732.1
12582.1
12109.8
11757.4
11546.1
11672.3
12577.4
12093
12217.6
12107.1
11874.5
11538.6
11470.7
12475.3
12385.6
12344.7
11938.3
12038.5
11810.7
12315.4
11997.3
12560.4
12094.8
12237.4
12155.2
12427.6
12173.6
12537.4
12055.2
12509.3
11988.9
11730.1
12433.4
11428.2
12187.3
11872.2
11581.8
12326
12658.9
12932.2
11862.1
12047.6
11851.8
11720.1
11990.5
11817.8
12050.1
12184.3
12613.8
12649.1
11960.8
12103.4
12358.7
12462.5
12337
12337.7
11897.2
12649.6
11991.4
12025.2
12262
12398.6
12694.6
12186.8
11688.7
11993.1
12173.5
11938.9
12408
12515.1
11931.4
12538.2
12026.3
12269.7
12382.4
11776.5
12145.7
11693.2
12150
12274.6
12144.3
12025.2
11794.5
12385.5
12208.4
11552.8
11628.9
12105.4
12296.9
12220.8
11747.7
12156.7
11916.3
12049.8
11989.8
12212.5
11703.2
11819.9
11962.4
11909
12929
12186.8
11724.6
11777.6
12390
11775
12453.6
12474.4
12417.8
12214
12235.2
12049.4
12125.1
11979.5
11769.7
12013.4
12010.3
11854.7
12146
12038.9
11955.8
11525
11639
12303.5
12168.4
11651.6
12021.9
12575.4
12028.8
12150.3
12072.6
12228.6
11835.1
11593.2
12088.5
11926
12120.9
12016.8
11614.6
12547.2
12286.2
11857.6
11692.1
12114.3
11848
12256.6
12187
12752.3
12271
12147
12515.4
12186.8
11581.4
11336.5
12227.4
12113.3
12443.3
11843.9
11769.3
11941.7
11887.5
11554
12344.1
11666.6
11870.2
11475.2
12060
12086.6
11993
12165.3
12000.9
11912.9
12508.2
11596.3
11888.7
11447.7
11586.6
12750.9
11892
11717.6
11961.8
12076.6
12116.8
11823.6
12543
11698.7
11915.9
12158.3
12506.8
12312.7
11855.1
12100.1
11972.9
11907.2
11950
11964.9
11589.3
12324.7
11951.5
11780.3
12033.9
11969.4
12409.1
12198.2
11988.2
12028.5
12168.5
12326.9
12425.6
11885.4
11743.6
11706.9
11827.8
12124.7
12024.3
11901.2
12214.7
11960.8
11601.3
12395.8
12158.5
12140.3
12311.6
11717.6
11879.4
12421.8
12100.6
11961.2
12345.4
11907.5
11892.4
12093.8
11976
11787.4
11727.2
11597.1
12407.9
12018
12261.3
11956.2
11951.7
12083.4
12573.2
11767.6
11445.7
12422.4
12087
12421
11594.7
12063.8
12543.6
12154.5
12082.9
12254.8
12471.1
11948.3
11677.8
11873
12014.7
11965.3
11778.3
11891.9
11884.3
11927.5
12094.3
12058.7
12232.6
11917.4
12082
11223.7
12495.4
12117.7
12195.5
11738.6
11975
12231.3
12403.6
12033.4
12393.1
12470.7
11764.2
12008
11917.8
11334.6
11667
12370.4
12287.1
12748.8
12194.1
11921.4
12315.1
12294.3
12477.9
12489.5
12162.3
11868.2
12271.7
12211.1
12349.2
12198.5
11965.3
12652.5
11426.2
11532.7
11982.8
11933.8
12523.5
12501.3
12264.4
12321.9
12303.9
11634
12050.9
12350.1
11741.4
12267.7
12074.2
12382.2
12053.1
12627.1
12017.8
12133.4
11841.3
12146.5
11954.5
11966.1
12439.8
11691.2
12342.5
12182.1
11733
12130.6
11937.5
11765
11759
11781.9
11949
11658.8
12374.1
12407.5
12097.8
11844.3
12044.7
12032.5
12003
11835.1
12669.8
11780.9
11729.4
11823.7
12144.9
11858.9
11445.5
12239
12163.8
11687.3
11513.4
11899.7
11668.7
12216.5
11682.7
12221.9
11819.4
12364.8
12335.7
11908.2
11880.9
12099.4
12091.9
11588.3
11918.4
11398.4
12173.9
12357.9
11560.6
11703.5
11954.8
12236.2
12064.1
12092.6
12204.4
12350.9
12638.3
12284.6
12199.3
12212.1
11684.7
11394.8
11799.1
12266.9
11695.9
12358.7
12308
11078.7
11963.6
11609.8
11929.7
11308.1
12041.3
11482.9
12173.1
11669.6
12403.3
11986.2
12579.8
11613.2
12224.2
11597.9
12327.2
11585.2
12001.4
11763.8
12114.1
11980.7
12077.9
11964
12223.3
12727.6
11839.9
11866.9
12277.1
11416.8
12500.9
12112.9
12015.7
11604.5
11931.4
11918.7
11744.5
11950.6
11892.8
11683.4
11987.2
11912.3
12004.4
11683.9
11773.6
11925.4
12284.6
12359.3
11330.5
12108.7
11711.4
11750.7
12721.8
12053.8
12514.4
11810.1
11999.3
12083.6
