11268.8
11123.1
11105.7
10853.5
11579.4
11034.2
11389
11635.8
11680.5
11176.2
11062.1
11635.1
11259.3
11718.2
11231.5
11717.3
10947.4
11279.7
11188.2
10981.8
11254.9
10893.6
10897.8
11594.1
11532.8
10946
11337.6
11539.9
11111
11330.4
11318.4
11382.5
11260.9
11394.5
11686.5
11518.4
10950.4
11553.3
11753.6
11450.9
11175.9
11112.8
10828
11204.8
11174.1
11031.9
11104.7
11336.3
11295.5
11110.2
11260.3
11681
11200
12001.4
11064.7
11516.6
11432.8
11279.4
10988.1
11251.9
11327.4
10808.6
11192.7
11545.7
11413.4
11427.2
11361
10895.5
10919.9
11261.4
11002.8
11295.7
11459.1
11012.9
11475.2
11606.6
11695.3
11657.7
11489.7
11661
11133
11169.4
11225.1
11233.3
12029
11894.8
11319.3
11650.1
11687.8
11442.9
11069.2
11318.4
11245.8
10784.9
11534.6
11313.7
10871.1
11389.8
11188
11743.5
11289.8
10796.8
11359
11187.6
11170.6
11297.3
11404.5
11523
10960.2
11048.1
11133.9
11253.5
10785
11314.3
11261.4
11086
11016.9
11524.2
10896.2
11309.4
11381.2
11393
11489.1
10991.9
11339.7
11405.9
11269.5
11073.2
11253.1
11452.5
11220.1
11514.8
11230.3
11453.3
10763.7
11431.7
11628.1
11452.2
11023.9
11660.9
11805.3
10648.1
11339.5
11056.8
11239.5
11240.4
10991.9
11275.2
11281.6
11582.8
11452
11394.6
11629.8
11343.5
11326.1
11189
11309.8
10797.3
11665.3
11401.4
11114.6
11428.4
11608
11412.4
11031.4
11116.6
11083.4
11598.7
11402.3
11527.4
10863.2
11481.2
11531.6
11253.4
10875
11227.6
11105.8
11827.9
10956.1
10891.3
10718.2
11283.4
11333.8
11945.1
11166.3
10855.2
11073.6
11375.3
11611
11265.2
11598.3
11299.7
12004.8
11091.3
11623.6
11543.3
10754.7
11397.4
10856.8
11267.3
10993.8
11199.6
11069.3
11920.5
11070.5
11330.4
11177.2
11356
11678.4
11150
11599.3
11203.5
11710.8
11336.7
11373.8
11289.9
11501
11303.6
10811.4
10824.6
11718.9
11063
11251.3
11001.3
11420.8
11191.6
11258.2
11278.3
10774.6
10909
11867.6
11455.3
11372.9
11164.7
11359.3
11739.8
11314.7
11759.9
11088.7
10941.1
11184
11379.5
10965.1
11234.9
11579.8
11283.7
11947.8
11253.6
11803.5
11044
11599.6
11304
11507.8
10989
11074.9
10996.5
11564.4
11101.9
11172.6
11282.1
11162.2
11079.1
11415.1
11154.9
10701.9
11507.8
10902.2
11428.4
11606
11701.2
11605.2
11081.2
11124.3
11020.4
10863.8
11539.9
11293.5
11445.9
11068.1
11068.4
11067.5
11484
11462.3
11272.5
11637.7
11219.1
10683.3
10604.4
11013.5
11170.5
11192.4
11259
11614.1
11027
11239.1
10874.1
11521.6
11157.4
11376.8
11206.9
11566.5
11201.1
11213.8
11153.6
11748
11045.7
11286.7
10852.1
11223.2
11880.7
11627.9
11639.3
11299.5
11170.9
10974.9
11016.4
11253
11090.1
11076.7
11513
11565.8
11238.1
11178.6
11471.4
11817.3
10993.5
11468.1
11518.9
11249.2
10608.9
11049.2
10759.5
11659.9
11628.5
10827
11455.4
11268.8
11268.7
11274.1
10887.1
11144.2
11573.5
11707.4
11331
10997.4
11394.8
11382.1
11011.4
11066.7
11081.6
10734.5
10805.4
11671.3
11159.1
11178
11294.8
11471.1
10810.9
11429.9
11442.8
11292.4
10344.2
11589.4
11158.2
11590.1
11118.3
11209.6
10945.6
10886.9
11301.7
11347.6
11506.2
10693.5
11623.7
11209.4
11214
11009.4
11305.8
11526.8
11629.6
11558
11684.8
11732
11028.9
11396.2
11607.7
10955.3
11039.3
11527.6
11059.6
11324.2
11649.4
11187.6
10802.7
11183.9
11546
11363.6
12012.5
11262.1
10797.8
11415.9
11132.8
11045.8
11414.5
10783.3
10824.6
11030
11301.5
11431.3
11266.1
11444.4
11025.6
11336.2
11017.1
11242.3
11417
10950.5
11111.3
11613.4
11565.8
11471.4
11418.8
11522.5
11929.2
11459.3
11335.8
11060.9
12302.4
11394.3
10715.8
11412.5
12164.9
12067.9
11425.6
11258.1
11087.9
11154.4
11217.7
11336.5
10972.7
11388.4
11148.4
11176.5
10978.5
11219.1
11367.6
11186.2
11253.9
11471.2
11281.1
11024.5
10918
11184.8
11582.2
11500.3
10784.4
11477.9
11205.6
11683.7
11122.4
11502.2
11244.4
11652.2
11205.9
10891.8
11242.4
11163.8
11835.1
11651.1
11377.9
11328.2
11222.2
11538.5
11021.2
12141.9
12110.7
10762.4
11563
11523.4
11430
11591.2
11714
11349
11170.3
11360.4
11220.7
11163.9
11563.5
10972
11114.1
11358.2
11309.3
11613.5
11314
10990.2
11422.8
11320
11244.6
10855.2
11570.7
11101.6
11518.9
11352.4
11156.8
11569.8
11255.8
11356.1
11755
11046.4
11309.6
11313.9
11615.4
11501.2
11582.4
11133.9
11164.2
11470.4
11374.2
11342.5
11706.2
12202.4
11319.8
10850.3
11196.4
11256.8
11477.7
11486.9
11197.1
11746.8
10856.3
10960.8
11560.9
11583.5
11134.1
11639.4
11458.3
11107.4
10760.5
11717.5
10885.1
11134.7
11338.1
11640.9
11388
11047.2
10857.6
11379
11159.8
11304.2
11327.6
10830
11165.8
11636.2
11538.8
10970.4
11330
11317.7
11165.9
11093.9
11066.1
11517.5
11112
10982.7
11508.5
11332.6
11075
11463.6
11483.3
10776.9
11869.7
11103.5
11513.7
11747.2
11465.4
11460.3
10714.5
11176.4
10803.1
11564.8
11066.7
11726
11500.9
10994.9
10901.2
11219.2
11560.1
10934.8
11715
11667.6
10882
11571.7
11938.2
11720.9
11626.6
11456.5
11494.7
11380.2
11563.8
11435.8
11401.3
11168.5
11203.2
11357.2
11480.8
11145.2
11362.5
11193.8
11377.3
11511.5
11334.3
11162.8
11236.7
11457.8
11407.4
11493.3
11635
11099.9
11012.2
11491.4
11458
11717
11049.3
11226.2
11193.3
11197.6
10942.6
11200.3
10871.4
11413.9
11174.1
11394.1
11516.1
11285.1
11046.4
10963.8
11263.1
11401.1
11726
11136.9
10480.7
11806.7
10864.4
11492
10435.9
11175.4
10839.6
11264.5
10850.5
10888.9
11819.9
11167.4
10892.9
11911.7
11215.2
11447.6
11128.1
11539.6
10762.9
11186.5
10718.6
11580.4
11562.9
11243
10938.6
10819.1
11286.5
10970.7
11631.7
10967
10946.9
11643.4
11548.3
11219
11748.1
11368
10980.3
11141.5
10908
11768.2
11387.5
11707.9
11270.1
11363.8
11426.7
11735.5
10923.6
10803.5
11624.8
10941.8
11212.3
11151.8
11495.6
11177.9
10987
11601.6
11186.8
11371.4
11398
11178.8
11062.2
11309.1
11183.5
11258.7
11412.6
11260.9
11167.2
11504.2
11624.4
11196.5
11123.2
11257.5
11664.6
10665.6
11226.4
11590.2
11313.1
10913
11247.4
11475.5
11191.2
12085.2
11145
11274
11454.3
10950.2
10793
10909.1
10804.6
10799.1
11563.2
11743.8
11213.2
10849.9
11246.1
11057.3
11147.1
11020.6
10667.9
10799.4
11544.1
11100
11632.2
11374.8
11051.3
11543.1
11189.7
11571.1
11900.7
11965.5
11099.8
10993.9
11935.8
11553.7
11255.4
11539.1
11349.5
11619.3
11602.2
11384
11470.6
11477.6
11004.2
11034.8
11197.5
11497.1
11436.9
11512.9
11066.2
11400.4
11014.2
11196.2
11709.2
11223.9
11114.6
11566
11575
11641.9
11054.3
11465.5
10671.4
11026.6
10846.3
11140.8
11360.9
11435.5
11125.1
11092.3
11360.1
11062.1
11297
11377.3
11159.5
11462.6
11341.3
11584.2
11459.4
11231
11303.9
11793.1
11598.2
11095.6
11648.8
11690.2
11304
10905.4
11018.9
12288.5
11931.6
10972.2
11504.8
11181.6
11184.4
11629.4
11753.6
11396.7
11071.8
11258.1
11203.2
11272.8
10782.2
11578.6
10988.3
11714
10781.1
11087.9
11888.1
10940.7
11557.5
11013.9
11386.5
11156.6
11069.6
11759.4
11163.1
11113.5
10738.1
11617.7
11890.6
11008
11000.4
11235.1
11290.1
11052.1
11390.3
11315.8
11450.1
11104
11119.8
11094.7
11666.9
11262.2
11149.1
10998.2
11193.5
11266.7
11230.5
10959.6
11108.8
11268
10984.3
11695
11519.1
10773
11410
11101.8
11204
10949.5
11737.8
11423.3
11402.8
11560.7
11470.3
11012
11490.5
11363.3
11610.2
11134.6
11098
11532.2
11221
11481.1
11594.4
11963.4
11010.7
10933.8
11439.6
11202.1
11673.2
11394.1
11203.8
10986.7
11392.2
10778.8
11144.2
11323.4
11089.7
11303
11492.2
11664
11216.8
11198.1
11087.3
10975.3
11297.6
11331
11348.1
11238.5
11208.6
11059
11486
10966.9
11357.7
11138
11205.9
11119.6
11142.8
11288.9
11367.1
11178.6
11790
11142.1
11283.6
11403
11607.1
11503.9
11161.4
11701.3
11072.9
10896.1
11705.6
11128.1
11338.4
11651.5
11125.2
11512.9
11235.6
11910.8
11127.5
11183.8
11500.9
11556.4
10900.6
11181.7
11193.6
11454.9
11545.8
10845.4
11564.4
10811.1
11352.3
11191.3
11313.5
11440.1
11077.1
11290.4
10927.9
11313.5
11102.3
10840.5
11114.3
11605.9
11224.7
11065.7
11357.2
11919.9
10865.1
11605.5
11271.5
11295.8
10921.9
11535.5
11052.7
11004.7
11292.8
10983.3
11322.5
11367.7
11141.8
11049
11742.1
10925.5
11287.3
12002.6
11248.2
11318.8
11153.9
11162.9
11522.1
11386.3
10823.3
11362.2
11473.8
11452.5
11495.6
11316.5
11769.7
11370.2
10836.1
11000.5
11619.9
