10701.7
10813.4
10522.6
10564.7
10540.7
10302.1
10590.6
10308
11032.2
10472.3
10860.8
9989.93
10015.1
10364.3
10746.7
10473.6
10807.6
10273.8
10744.2
10620.3
10864.2
10643.5
10418.5
10437.5
10141.9
10374.6
10947.6
10406
10651.3
10339.1
10783.7
10151.3
10159.8
10373.5
10692.6
10635.6
10603
10844.5
10486.3
10752.7
10750.7
11106.8
10999.4
10273.4
10217.5
10242.8
10904.2
10956.3
10432.1
10293.6
10141.3
10584.8
10920.6
10874.4
10265.7
10660.5
11027.7
10769.9
10894.1
10396.8
11142.4
10627.4
10764.1
11003.2
10576.5
10130.4
10616.3
10550.5
10600.1
9995.12
10424.2
10738.7
10282.8
10454.4
10467.9
10597.1
10298.7
10678.5
10854.1
10455.1
10891.7
10772.7
10220
10388.2
10505.4
10429.6
10616.9
10429.7
10951.5
10454.9
10497.1
10708.7
10571.6
10355.7
10902.2
11019.6
10926.2
10671.4
10540.9
11163.9
10804.8
11035.9
10709.7
10789.4
10969.6
11136.5
10629.9
10224.9
10430.7
10344.2
10611.8
11013.9
10681
10877.3
10344.8
10743
10690.4
10847.6
10741.1
10530.8
9927.99
10682.9
10558.8
10575
10698.7
10762.5
10573.4
10849.7
10449.4
10776.2
10664.9
10655.5
10368.5
10398.1
10529.9
10109.2
10992.3
10575.1
10262.7
10098.4
10723.4
10933.7
10564.7
10598.4
11030.7
10706.2
10603.5
10510.7
11078.3
10606.6
10730.5
10711.6
10140.8
10525.6
10546.5
10189.2
10771.6
10613.5
10639.8
10020.9
10527.5
10814.9
10317.5
10571.3
10515.9
10156.9
10128.5
10720.4
10298.2
10465.9
10889.1
9958.06
10843.9
10625.3
10776.8
10824.7
11041.3
10370.6
10200.3
10885.5
10307.8
10783.5
10678.5
10350.1
10538.6
10101.7
10344.9
10593.9
10389.7
10638
10287.9
10889.8
10337.2
10779.9
10692.5
10610.5
10564.6
10809.3
10819.3
10800.8
10412.4
10827.7
10555.1
10440.7
10621
10223.3
10531.9
10308.1
10893.5
10569.2
10230.3
10208.3
10703.3
10490.8
10036.5
10828.5
10874.2
10683.4
10367.5
10475.3
10428.7
10666.6
10446.9
10780.2
10505.7
10120.8
10799.8
10379.8
10246.8
10975.6
10125.7
10594.4
11125.8
10762.2
10519.9
10606.2
10812.6
10695.1
10999.8
10725.3
10923.2
10493.9
10521.7
10385.7
10908.5
10091.5
10765.8
10805.8
10963.2
10097.9
10988.5
10878.9
10349.7
11088.3
10732
10676
10440
10432.4
10889.9
10898.3
10777.2
10169.7
10584.4
10030.3
10906
10365.1
10750.2
10635.3
10627.5
10446.9
10234.8
10615.5
10727.8
10350.9
10778.4
10492.2
10449.9
10731.3
10422
10248.8
11360.5
10791.7
10765.3
10328
11002.6
10819.5
10431.4
10594.2
10826.2
10502.6
10167.7
10323
11337.2
10235.5
11352.7
10738.7
10838.8
10725
10884.9
10590.1
10530.5
10215.9
11053.9
10841
10503.9
10652.5
10794.3
10326.6
10511.1
10784.4
10693.5
10993.9
10386.6
11020.6
10069.2
10498.7
10331.8
10217.5
10977.7
10689.8
10442.9
10836.2
10249.8
10545.7
10563.2
10773.4
10333.7
10184.1
10474.7
10399.3
10681.9
10327.9
10283.4
11101.6
11150.6
10579.9
11417.6
10569.5
10193
10748.7
10020.7
10836.6
10506.9
10569.4
10802.1
10584.5
10346
10514.8
10753.5
10543.4
10734.1
10361.8
10500
10412.6
10950.2
10776
10948.4
10075.8
10535.4
10777.5
10313.7
10694.4
10924.6
10449.5
11019
10564.3
10553.2
10752.8
10554.4
10217.5
10180.5
10515.1
10245.6
9995.23
10362.6
10111.9
10594
10643.9
10591.4
10540.2
10363
10750.3
10741.1
10589.1
10379.4
10467.3
10236.6
10299.6
10757.5
10224.9
10298.5
11032.6
10228.5
10449
10759.7
10242.8
10315.9
10282.1
10473
10822.1
10121.3
10743.4
10561
10644
10536.1
10866
11155.1
10671.6
10312.9
10502.4
10402.1
10231.4
10106.1
10846.4
10668.2
10696.3
10749.8
10322.5
10637.3
10674.7
10871.6
10777.5
10712.7
10516.2
11015.7
10103.7
10666.2
10589.7
10858.7
10469.5
10410.6
10449.1
10850.9
10654.9
10453.4
10189.1
10111.4
10182.9
10718.6
10931.1
10637
10302.7
10522
10659.1
10598
10519.2
10429.1
10615.3
10828.2
10598.6
10773.5
10337.5
10527.9
10578.8
10847.1
10738.5
10481.1
10385.4
10498.1
10354.4
10763
10369.4
10271.2
10623.1
11137.6
10823
10514.6
10278.7
10650.7
10636.8
10289.6
10916.8
10388.4
10348.1
10688.1
10922.5
10475.4
10160.3
10488.5
11186.1
10524.8
10472.6
10755.3
10514
10558.4
10882.2
10354.1
11012
10666.1
10385.1
10968.1
10376
11045.5
10612.8
10554.2
10610.6
10433.1
9587.9
10300.5
10785.8
10801.5
10620.7
10710.8
10772.8
10890.6
10532.8
10811.4
10812.5
10906.4
10586.2
10457.8
10636
10815.4
10241.9
11141.5
10925.3
10670.1
10202.2
10924.1
10574.5
10726.1
10405.6
10479.3
10530.4
10978.6
10482.7
11099.8
10711
10359
11045
10202.4
10482.2
10366.7
10659
10803.8
11060.1
10787.2
10473.4
10936
10632.9
10577.8
10503.2
10661.6
10459.4
10801
10972.9
10482.7
10707.7
10315.8
10848.9
10539
10711.7
10355.5
9871.17
10507.4
10419.1
10930.6
10530
10801.5
10421.5
10848.8
10223.7
10528.8
10490.6
10796.5
10378.6
10683.1
10461.6
10587.6
10279.8
10679.2
10546.8
11086.9
10956
10842.7
10738.1
10366.4
10602.9
10807.9
10555.6
10498.7
10644.9
10598.5
11232.5
10431.7
10476.6
10173.5
9999.53
10381.5
10786.6
10592.5
10749.3
10377.3
10465.9
10743.6
10728.7
10226.3
10540.9
10843
10745.3
11036.2
10474.1
10419.4
10778.3
10882.2
10555.6
10586.9
10219.4
10291.9
10178.9
10477
10301.2
10141.1
10618
10433.5
10976.4
10418.8
10465.4
10958.7
10238.7
10158.6
10631.7
10550.1
10326.6
10791.5
10643.6
10276.2
10526
10911.3
10201.6
10725.9
10133.4
10099.9
10662.5
10759.3
11037.8
10809.8
10426.4
10448.9
10399.8
10834.7
10840.4
10204.2
10194.6
10233.7
10513.4
11192
10589.9
10892.5
10406.1
10460.5
10540.5
10837.2
10698.1
10749.3
10164
10623
10950.5
10674.2
10733.3
11114.9
10886.1
10813.1
10757.3
10279.2
10522.4
10479.2
10556.1
10498.6
10605.3
10734.6
11163.2
10358.5
10682.9
10266.3
10480.6
10413
10553
10533.1
10426.5
10069.7
10518.7
10500.9
10450.2
10252.6
10330.4
10281.3
10670.5
10846.4
10744.3
10907.6
10643.2
10851.8
10642.2
10393.6
10251.2
10803.1
10510.2
10982.2
10499.4
10628.7
10722.7
11138.5
10432.3
10334.1
10494.6
10329
10629.5
10868.6
10607
10372.3
10175.1
10119.2
10543.7
10828.3
10884.1
10580.9
10701.2
10937.6
10444
10677
10604.2
10662.6
10361.1
10937.3
10686.7
11009.3
10392.7
10214.6
10717
10699
10469
10655.7
10913.5
10408.8
10601.1
10396.7
10218.3
10936.7
10943.9
10355.1
10341.7
10406.1
10658.2
10708.6
10649.9
10496.9
10635
11057.6
10428.4
10417.8
11052.7
10380.9
10415.5
10623.4
10338.1
10415.6
10254.6
10807.2
10644.6
10806
11125.1
10363.9
10656.7
10583.7
10645.1
10200.4
10433.8
10236.7
10399.8
10868
10757.6
10721.2
10124.6
10182.5
10601.1
11210.1
10703.7
11031.9
10438.2
11082.6
11536
10578.8
10557.4
10135.2
10214.3
10527.3
10392.9
10544.6
10192
10446.7
10215.9
10520.9
10726.2
10641.6
10705.5
10467
10845.6
10577.6
10617.4
10772.6
10994.9
10893.3
10768
10779.2
10867.2
10415.9
10664
10356.7
10859
11052.4
10785.4
10719.9
10043.5
11108.6
10694.8
10615.6
10563.7
10675.8
10576.8
10510.5
10486.2
10721.2
11182.7
10803.9
10278.7
9838.65
10415.3
10281.4
10608.1
10227.4
10972
10453.7
10395.5
10360.6
10729.3
9899.34
10705.7
10154.8
10490.2
10919.8
10744.3
11035.2
9821.16
10603.7
10911.4
10398.4
10752.5
10862.6
10453.6
10387
10812.5
10579.8
10218.2
10998.1
10845.6
11020
10252.1
10991.4
11093
10982.7
10407.6
10836.5
10660.5
9994.26
10542.9
10487.6
10451.9
10189
10612.7
10488.3
10173.2
10619.5
10685.9
11165.5
10823.3
10560.4
11037.2
10794.7
10405.5
10720.9
10890.4
10742.1
10644.9
10426.1
10207.7
10516.4
10862.7
10730
10931.1
10659.4
10594.7
10836.1
10880.2
10612.9
10675.4
10914.9
10758.4
10552.4
10454
10292.4
10498.5
10225.2
10633.3
10409.3
10364
10387.9
10376.6
10243.6
10537.2
10283.1
10582.6
10496.6
10480.8
10364.7
10768.7
10558.8
10678.6
10719
10377.5
10412
10138.5
10832.1
10491
10345
10577.8
9966.1
10934.7
10284.1
10825.2
10472.7
10683.2
11113.6
10476
10217.2
10560.4
10315.9
11259.3
10856.6
9995.4
10662.2
10859.5
10926.3
10440.7
11018.7
10505.5
10659.1
10552.8
10400
11302
11045
10397.2
10314.2
10136.7
10380.9
11010.9
10577.7
10546.4
10482
10347.3
10527.9
10555.7
10702
10705.6
10262.2
10435.3
10715.4
10451.1
10464.7
10483.7
10307.9
10732.7
10771.7
10379.9
10265.7
10582.6
10490.8
10324.5
10675.4
10663.1
10631.8
10665.5
10788.1
10605.7
10954.5
10774.4
10164.6
10875.1
10529.7
10599.6
10863
10662.7
10763.6
11083.2
10672.8
9978.76
10798.3
10648.8
10663.2
10650.7
