10239.8
10251.4
10633.9
9522.18
9814.95
9751.93
9825.55
10163.7
10095.6
9787.67
10074.9
10036.4
10226.5
9962.21
9756.12
10497.8
9810.8
10010.4
9859.55
10524.5
10169.6
9786.98
10353
10195.4
9967.14
9802.25
10247.7
10379.2
10006
10008.7
10162.8
9882.41
10391.9
10003.4
10065.4
10181.3
9952.75
9819.01
9792.25
9934.64
10123.7
10064.8
9929.18
10012.1
9860.95
9583.73
10252.7
9795.63
9637.25
10051.4
9982.35
9773.16
9553.48
10090.7
10394.7
9876.02
9544.36
10052.3
10365.1
9758.12
9797.23
10332.7
9998.89
10394.8
10254.5
10159.6
9510.63
10307.9
10353.9
10005.3
10206.1
10687.3
9955.76
9661.54
10652.2
10203.9
9970.36
9516.23
9587.11
10016.1
10167.1
9881.75
9852.08
10168.2
10173.1
9957.15
10320.5
10003.9
9996.54
9867.83
10128.2
9943.71
10098.3
10125.9
10152.2
10229.8
9818.89
10118.4
10063.5
9674.48
10096.4
10033.8
10405.3
9937.13
10114.5
9937.14
10097.5
9979.56
10102.5
9906.41
9759.22
9799.21
9845.44
10005.6
9838.41
9572.21
9893.36
10034.5
10260.7
10308.1
10377.8
9764.72
9807.73
10046.6
10189.4
9980.59
9875.95
10142.2
10301.9
9911.21
9906.01
10389
9915.71
10401.1
9789.9
9955.89
9602.73
9834.84
10219.9
10312.3
10101
9889.41
10097.6
10416.6
10133.2
10362.2
10238.8
9989.16
10079.2
10090.1
10494.3
10455.1
9885.51
9653.97
9983.03
10333.2
9885.6
9556.32
10459.7
9722.35
9945
10180.8
10346.7
9898.65
9795.63
9666.81
10209.5
9934.23
10385.1
9909.06
9871.84
9925.04
10369
10377.2
10332.1
10203.7
9837.48
10336.6
9988.89
9699.95
10140.2
9863.05
10394.1
9991.91
10007.6
10088.9
9749.32
9947.48
10349.9
9803.8
9955.47
9948.66
9919.09
10149.2
10519.1
10114.9
9916.55
9727.41
9972.97
10260.6
10418.4
9803.81
9644.47
10289.5
9773.18
9489.27
9661.89
9992.96
9906.06
9909.03
9984.33
9878.57
9919.85
10023.9
9823.71
9977.57
10106.8
10160.5
10243
10333.4
10129.7
10091.3
9882.23
10033.5
10361.8
9617.02
10224
9884.29
9862.98
10609.4
10454.1
9948.38
10097.6
9816.16
10016.3
10090
9582.07
9669.28
9952.06
9974.59
10281.3
10217.8
10013.9
9654.76
9891.76
10344.6
9904.76
10081.2
10161.3
10365.7
10558.7
10466.5
10248.4
9721.5
10074.7
9863.66
10017.5
9896.59
10282.5
9847.73
10084.4
9752.46
10122.9
9429.55
9862.65
9881.53
9782.39
10750.1
9986.18
9799.05
9911.32
9986.81
9987.55
10346.8
9719.21
9840.46
9617.23
10115
10475.4
9990.95
9780.56
10073.5
9707.92
9703.58
10034.5
10021.1
10066.3
9709.21
9831.02
10187.8
10202.8
9899.4
10184.6
10316.9
9876.54
10207
9950.65
10270.5
10185.5
10122.8
10449.1
9928.48
10050.8
9359.66
9875.85
10030.1
10242.8
10136.3
10179.8
10253.5
10194.3
10137.4
10017.3
9864.85
9767.94
9755.43
9687.51
9954.14
10155.3
9953.68
10359
9469.83
10260.8
10211.7
9847.96
9719.18
9883.68
10125.5
10683
10441.6
9511.53
9731.68
10432.8
10159.2
9438.98
10459
10006.7
9862.9
10155.6
9406.52
10042.8
10432.9
9853.54
9645.37
9829.31
10148.1
10272.9
10114.5
9423.81
10398.6
10039.1
9771.68
10126.1
9990.47
9743.94
9871.97
9731.78
10270.2
9823.67
10313.3
10028.7
9545.98
10230.7
9701.53
9916.43
10031.3
10232.9
10098.4
9961.08
9642.35
10569.4
10174.5
10703.1
9946.31
9835.63
10423.7
9792.23
9639.61
9617.79
10027.1
9985.82
9816.15
10147.6
9825.48
9807.97
10157.7
9960.84
10168.9
9683.51
10146.2
10637.5
9450.28
9695.64
9836.07
10031.7
10130.5
10196.4
9626.71
10051.9
10020.1
9675.58
10241.3
9449.83
10728
10186.9
10204
9931.27
10182.8
10066.2
10353.3
10264.4
9232.32
10228.9
10201.7
9998.78
10038.9
10243.1
9939.19
9523.33
10132.7
9897.77
10369
9625.23
10545.8
10147.6
10139.7
10563.6
9681.11
9864.57
10079.2
9937.15
10473.4
9733.74
10040.5
9747.68
10095.1
9997.78
10361.2
9914.92
9587.49
9989.04
10254.7
10020.6
10279
10228.9
9610.14
9755.42
9984.98
10625.8
9821.66
10210.8
10022.9
10074
10034.4
10318.1
9812.95
10200.5
10420
10006.1
9855.91
10493
10142.7
9642.85
9944.79
9776.91
10143.6
10137.9
9616.09
10179.6
10275.6
10119.5
9943.79
9810.15
10237.3
10112.3
9947.82
10249.2
10473.6
9696.95
10323.9
9417.18
10023.1
10090
9743.79
9823.3
10489.4
9954.08
10430.3
10578.4
9390.29
9989.53
9592.66
9492.01
9965.67
10348.4
10070.2
9984.4
10200.3
9788.94
9963.46
9982.61
10018
9913.72
9828.39
9849.59
10029
10392.3
10117.7
10263.3
9974.58
10107.7
10288.8
10306.8
10048.1
9478.8
10223.2
10183.3
10236.3
10334.8
9994.65
10288.7
10426.9
10054.9
9926.62
10166.6
9965.5
10091.1
9944.67
9905.69
10121
9572.49
9881.09
9745.79
10146.6
9861.92
9958.28
9940.22
10222.5
10260.2
10216.9
9955.35
9864.1
9534.98
10310.8
9973.94
10033.7
10087.2
10187.1
10086.1
10046.6
10170.7
10061.4
10268
9909.63
10197.9
10007.3
10350
10551.1
9950.88
10053.9
10162.6
9925.56
10310
10259
9543.96
10080.3
10117.4
10052.8
10107.4
10487.3
9557.26
9542
10119.7
10626.2
9978.66
10393.3
10034.5
9755.81
10271.4
10290.9
10105.9
10206.5
10461.9
10311.1
10179.6
9829.17
9804.55
10104.8
9638.85
10080.1
9591.72
10310
9923.1
9803.2
10363.5
9960.28
9847.86
9800.79
9888.88
10165.5
10188.8
10158.3
10005.1
9829.99
10161.6
10431.6
10171
9887.07
10115.1
9901.74
9954.96
10069.9
9766.66
10048.7
10285.6
9911.65
9912.47
9704.61
10238.5
9590.49
9655.51
9800.19
10048.3
10182.1
9782.28
9843.11
9736.14
10070.7
10291.7
10302.4
10060.1
10182.3
10167
9948.55
10378.7
9733.65
10170.9
9606.28
10075
10099.8
9891.19
10500.7
10365.5
10383.1
9799.69
10397.3
9743.94
9833.07
10248.9
10259.8
10338.9
10167.4
10186.4
10032.8
9770.23
9788.1
9818.51
10059.1
10568.1
10034.9
10246.4
10478.8
9935.68
9719.04
9976.6
10484
10079
10061.6
9779.05
9967.65
9726.45
10136.3
9967.11
9909.79
10104.7
9655.07
9896.68
9965.47
10253.4
9808.78
9840.63
10006.9
10013.1
10184.9
10115.7
9817.29
9911.17
9662.24
10203.7
10375.8
9510.7
10567.9
10231.9
9944.26
10071.9
9723.81
9712.66
9988.04
10046.7
9984.57
10362.6
9950.83
9874.12
9803.73
10060.3
10287.8
9851.62
10075
9865.94
10318.3
9620.69
9823.22
9753.25
9957.39
9939.9
9725.54
9848.21
9757.01
9608.3
9713.71
10225.8
9782.75
9567.16
9780.07
10010.9
10212.3
9807.21
10429
9981.04
10120.5
9693.45
9587.81
9822.08
9730.87
10217.9
9920.69
10007.3
9815.33
10183.1
10154.4
10111.8
9842.27
10242.9
9795.54
10087.2
9566.03
9833.96
9828.38
9978.78
9726.55
9931.46
10027.6
9340.16
9789.24
10280.6
10175.3
10383
10009.5
10034.2
9806.09
9780.65
9711.51
9932.41
9689.78
9909.13
9812.2
10691.8
10549.8
10103.4
10409
9731.01
10029.1
9643.19
10266.5
10405
9832.58
9894.71
9987.78
9888.3
9990.6
10147.6
10394.2
9649.47
10231.3
9779.49
9981.31
10211.6
10032.9
9921.19
9629.59
10487.7
9891.43
9900.56
9522.28
10030.1
10033.9
9747.81
9725.78
10258.2
10213.4
9973.76
10148
9818.12
9703.48
9867.95
9834.41
10320.9
10268.4
9684.18
10126.2
9924.48
10076.9
10165.9
9938.63
10277.4
10027
9721.29
9750.15
10518.7
9812.27
9711.32
9705.29
9980.59
10274
10151.4
10246.4
10345.2
9870.03
9923.7
9752.07
9912.1
9805.75
10299.6
10008
10140
9771.31
9960.09
10137.4
10077.2
10173.2
9561.87
9946.2
9996.44
9848.18
10021
10145.6
9787.2
10330
9840.76
10294.4
9958.4
10303.4
10209.2
10363
9809.9
10135.7
9654.99
10097.1
10064.8
10144.1
9938.92
9848.08
10088.3
10059.3
10289.7
9885.54
9917.57
9958.12
9773.69
10107.3
9684.31
10511.7
10460.5
10012.7
10444.3
10153.5
10096.2
9909.4
10082.1
10314.3
9816.99
10319.1
9964.88
9762.43
10176.6
10163.4
10282.3
9657.96
10244
10018.4
9821.22
10053.4
10025.6
10179.8
9965.43
9865.91
9392.06
9954.58
9934.12
10306
9955.82
10492.6
10162.5
10027.1
9883.72
10137.2
10360.6
9670.46
9990.37
9904.45
9374.09
9897.74
10100.3
10049.5
10380.5
9834.15
10031.3
10230.5
9830.64
9769.15
10737.1
10003.4
10393.7
9779.67
9588.7
10433.8
9875.73
9763.84
9962.1
10205.3
10010.1
10603.8
9892.99
9899.22
9775.61
10169.3
10225.7
9935.32
9863.08
9867.25
9794.16
10010.7
9988.22
9885.45
9986.66
10040.6
9957.35
10027.6
9583.34
10123.3
9768.36
9856.82
9755.75
10183.4
10120.8
9546.74
9866.71
9718.28
9682.67
10150.7
10136.4
10082.7
10251.6
9615.68
9737.26
10103.5
10154
9961.51
10016.2
10080.6
10105.8
10376
10033.2
10155.4
10134.5
10293.7
10292.4
10411
10095.4
10027.1
9803.8
9966.46
10490.4
9642.98
9988.41
9922.38
10146.1
10042.5
9848.56
9400.15
9665.75
9887.78
9801.79
10086.3
10161.2
10060.9
9860.4
10226.1
9937.2
10085.7
