9115.29
9352.34
9221.26
9680.1
9485.15
9387.25
9314.79
9138.03
9896.62
9549.95
9792.39
9380.82
9575.07
9471.03
9506.83
9508.02
9989.55
9956.41
9382.57
9525.06
9487.13
9430.66
9563.31
9296
9928.84
9577.82
9477.58
9958.01
9375.16
9405.8
9747.53
9574.84
9338.64
9179.57
9566.69
9759.06
9364.74
9676.12
9459.37
9411.18
9495.9
9311.14
9455.81
9563.83
9007.3
9162.13
9431.33
9508.8
9057.12
9672.56
9480.16
9793.11
9492.83
9403.54
9818.46
9296.07
9815.04
9816.15
9499.59
9458.02
9143.22
9535.18
9796.46
9416.96
9762.91
9312.99
9618.69
9373.94
9257.14
9533.38
9346.74
9594.78
9489.28
9510.41
9112.47
9121.69
9510.85
9606.56
9419.3
9842.39
9522.96
9303.14
9417.78
9239.22
9879.97
9471.61
9461.85
9264.71
9643.63
9873.65
9124.53
9102.63
9497.11
9419.8
9981.52
9825.28
9613.97
9308.44
9609.46
9420.13
9478.93
9543.13
9239.09
9266.61
9532.48
9454.76
9465.21
9219.63
9863.97
9711.16
9796.2
9239.36
9551.72
9573.56
9667.56
9610.03
9424.19
9573.49
9478.25
9493.2
9364.01
9616.14
9826.21
9695.03
9474.6
9521.68
9597.31
9334.22
9419.53
9863.11
9367.52
9483.68
9810.51
9500.17
9267.48
9210.16
9672.88
9378.18
9434.14
9415.56
9600.95
9495.17
9623.74
9540.26
9372.47
9354.15
9204.07
9423.56
9397.83
9794.97
9186.52
9249.88
9493.47
9264.99
9427.36
9748.99
9608.18
9591.97
9453.75
9450.93
9667.98
9542.98
9459.53
9632.41
9543.96
9311.17
9608.41
10041.8
9489.33
9742.01
9233.63
9252.56
9576.48
9653.93
9501.69
9517.35
10001.2
9425.46
9635.93
9673.09
9489.09
9258.44
9434.33
9077.08
9431.56
9308.68
9486.48
8971.35
9605.95
10037.2
9393.64
9198.05
9258.56
9441.43
9640.51
9415.89
9433.33
9432.25
9717.61
9611.05
9586.51
9705.68
9514.07
9361.06
9788.84
9703.5
9660.27
9800.01
9108.48
9241.65
9044.13
9760.92
9325.47
9413.95
10048
9226.89
9715.47
9385.61
9545.88
9116.13
9765.71
9299.4
9708.31
9333.29
9544.74
9250.65
9295.16
9981.94
9178.31
9735.57
9084.94
9442.64
9688.08
9736.25
9329.16
9681.96
9181.14
10369.4
9332.52
9280.49
9754.31
9367.11
9429.43
9570.88
9327.77
10009
9596.64
9599.64
9954.44
9559.82
9400.36
9422.77
9995.74
9436.06
9321.9
9805.77
9625.5
9525.45
9579.02
9315.27
9421.54
9256.32
8966.29
9423.34
9819.61
9373.38
9052.16
9789.08
9159.95
9490.52
8912.1
9610.45
9737.77
9342.78
9767.1
9445.92
9418.54
9196.06
9360.89
9240
9203.53
9665.69
9450.58
8993.05
9706.72
9230.37
9795.54
9430.94
9331.64
9358.63
9554.31
9348.98
9668.28
9129.64
9087.06
9368.87
9538.3
9844.86
9352.86
9211.28
9469.74
9486.82
9570.13
9473.34
9722.21
10064.6
9335.31
9508.59
9592.66
9889.31
9098.56
9577.91
9288.05
9655.06
9113.82
9920.29
9286.5
9713.08
9942.65
9822.99
9173.31
9473.87
9498.48
9417.02
9066.07
9425.09
9525.73
9643.83
9560.28
9249.42
9237.25
9625.02
9042.54
9867.75
9684.24
9444.06
9726.51
9475.74
9254.58
9771.15
9841.66
9503.26
9370.08
9501.52
10053.2
9458.24
9385.33
9452.85
9214.53
9758.71
9713.62
9400.31
9623.18
9115.67
9523.77
9542.64
9492.82
9269.29
9565.09
9571.43
9569.74
9468.68
9493.02
9163.92
9329.47
9284.61
9211.31
10040.6
9235.21
9435.67
9193.3
9483.42
9598.21
10314.4
9429.21
8963.02
9326.83
9441.94
9384.49
9620.58
9404.01
9005.95
9596.26
9452.71
9317.26
9295.43
9643.9
9809.23
9636.91
9442.44
9049.91
9354.85
9951.86
9246.19
9027.47
9683.8
9599.74
9121.2
9418.94
9335.44
9516.19
10144.3
9399.92
9237.9
9439.89
9630.26
9850.54
10148
9731.84
9530.97
9219.76
9945.72
9327.23
9047.04
9293.24
9372.26
9383.81
9064.54
9410.23
9908.11
9098.92
9553.06
9768.67
9378.09
9540.86
9799.17
9226
9356.69
9515.05
9711.61
9057.05
9407.29
9421.64
9237.63
9647.55
9071.53
9524.2
9790.17
9666.14
9511.69
9498.36
9565.61
9041.01
10010
9899.59
9258.64
9307.7
9606
9667.05
9198.51
9761.29
9666.88
9769.88
10082.4
9372.87
9997.84
9455.76
9771.05
9390.94
9340.97
9624.61
9421.87
9489.83
9922.75
9573.59
9387.4
9311.3
8836.89
9723.87
9359.05
9578.34
9940.24
9270.77
9539.08
9236.5
9175.6
9424.83
9156.25
9629.59
9350.86
9523.36
9816.82
9281.54
9833.76
9656.29
9228.2
9708.59
9543.6
9571.79
9840.3
9267.52
9886.55
9498.74
9685.66
9956.55
9369.45
9181.55
9193.33
9732.8
9340.24
9570.42
9322.73
9866.93
9542.01
9395.38
9361.75
10033.1
9093.22
9454.78
9404.63
9690.59
9498.14
9343.24
9874.6
9458.29
9369.07
8933.08
8848.08
9946.53
9495.94
9444.59
9538.04
9684.41
9229.35
9272.11
8923.06
9410.48
9570
9089.14
9910.17
9588.94
10039.7
9597.82
9609.83
9702.76
9436.12
9626.71
9235.35
9531.73
9491.55
9564.9
9467.78
9168.29
9925.05
9755.74
9403.41
9225.94
9611.98
9882.77
9328.74
9874.26
9839.88
9760.05
9527.86
9627.42
9883.88
9632.8
9192.25
9082.47
9865.62
9284.34
9885.71
9556.42
9719.16
9462.24
9587.07
9077.62
9039.56
9302.14
9536.05
9570.12
9225.76
9616.14
9312.88
9765.3
9308.06
9487.59
9789.43
9553.59
9424.97
9309.37
9551.98
9293.65
9543.22
9263.76
9234.83
9633.74
9608.7
9499.32
9633.32
9021.36
9495.4
9249.9
9147.99
8923.7
9124.88
9155.88
9286.13
9501.9
9326.49
9717.18
9175.89
9354.65
9507.09
9476.42
9344.25
9350.95
9514.83
9482.92
9550.78
9760.28
9302.47
9661.6
9541.98
9398.44
9232.3
8971.47
9883.87
9209.36
9518.45
9284.21
9893.23
8779.52
9235.38
9732.42
9242.54
9292.79
9522.93
9148.85
9464.35
9416.95
9562.06
9457.38
9363.67
9449.51
8999.91
9194.06
9351.79
9480.03
9541.29
9892.93
9348.11
9432.69
9595.87
9273.94
9463.19
9329.2
9539.86
9413.05
9672.33
9706.25
10072.7
9490.94
9559.08
9958.24
9446.52
9288.11
9629.44
9457.58
9520.62
9532.84
9489.75
9056.59
9217.78
9183.07
9337.21
9570.27
9694.17
9460.07
9150.08
9625.75
9648.92
9405.07
9918.41
9579.99
9676.74
9694.72
9437.8
9581.61
9417.02
9763.4
9231.07
9056.12
9321.98
9561.88
9320.24
9466.35
9714
9138.84
9549.02
9637.06
9084.24
9272.66
9385.51
9624.87
9233.41
9544.16
9508.96
9476.26
9634.47
10038.9
9495.27
9511.92
9112.75
9418.07
9393.27
9548.37
9388.72
9888.1
9610.87
9248.03
9719.87
9446.29
9468.6
9935.89
9640.43
9431.66
9424.03
9475.33
9112.17
9653.32
9492
9989.08
9291.9
9319.13
9381.82
9893.13
9481.81
9369.28
9292.61
9732.31
9462.56
9345.67
9482.11
9446.21
9151.92
9263.42
9676.52
9582.56
9838.97
9912.11
8887.69
9861.61
9451.68
10068.5
9505.16
9600.25
9093.41
9129.8
9322.1
9186.22
9717.79
9739.23
9625.09
9695.55
9340.88
9672.83
9402.14
9352.14
9130.08
9680.63
9356.15
9384.86
9465.83
9385.15
9544.66
9513.67
9409.74
9270.51
9113.34
9662.92
9426.99
8963.29
9546.35
9249.62
9231.89
9706.61
8929.21
9546.82
9328.94
9389.22
8904.13
9443.27
9475.69
9454.14
9247.55
9853.14
9172.23
9225.66
9390.88
9439.72
9605.33
9221.58
9118.29
9520.24
9940.6
9403.79
9349.82
9596.8
9159.42
9390.67
9854.22
9372.07
9303.26
9391.19
9529.84
9289.36
9405.03
9784.7
9860.27
8988.89
9474.58
9767.78
9515.47
9266.15
9301.53
9456.82
9637.28
9420.79
9557.51
9391.76
9282.48
9488.36
9743.84
9267.15
9210.19
9505.58
9606.95
9449.58
9832.03
9735.98
9401.56
9183.84
9212.63
9429.69
9432.31
9549.27
9678.09
9866.22
10115.8
9632.19
10083.5
9188.85
9446.34
9726.61
9560.24
9378.18
9321.54
9402.09
9936.18
9355.26
9539.32
9958.29
9215.46
9363.66
9652.09
9087.09
8959.56
9597.9
9388.92
9848.42
9416.38
9750.35
9785.5
9217.57
9207.24
9163.32
9096.94
9173.06
9650.04
9461.31
9464.37
9637.88
9214.07
9195.38
10047.3
9374.91
9563.4
9510.1
9648.69
9389.58
9310.33
9575.04
9494.51
9595.84
9711.64
9369.67
9863.12
9324.54
9647.47
9570.73
9647.84
9392.33
9565.05
9909.35
9396.03
9595.2
9700.18
9829.16
9440.91
9214.73
8706.08
9604.57
9508.48
9199.46
9356.67
9498.13
9619.76
9596.57
9295.1
9285.97
9417.24
9767.58
9679.05
9254.61
9360.91
8866.91
9330.19
9664.62
9494.58
9405.8
9606.33
9022.16
9954.65
9729.35
9621.87
9306.09
9063.61
9400.84
9296.45
9176.75
9623.25
9927.2
9351.41
9579.65
9186.86
9493.8
9373.8
9561.3
9390.89
9619.57
9155.24
9299.1
9664.92
9414.16
9409.67
9569.61
9155.46
9684.4
9573.77
8903.69
9507.03
9693.77
9486.1
9043.63
9155.02
9546.63
9349.04
9352.36
9432.12
9602.46
9984.29
9625.78
9645.45
9523.64
9865.47
9518.69
9554.31
9219.86
9058.88
9163.73
9697.89
9309.99
9358.73
9599.65
9262.09
9520.04
9607.87
9672.81
9647.95
9440.75
9567.31
8974.05
9612.71
9733.11
9754.35
9273.54
9104.17
9621.85
9477.74
9153.29
9328.96
9556.34
9740.41
9211.5
9191.01
9572.05
9233.6
9156.57
10003.1
