9191.67
9325.6
9407.18
9374.69
9300.58
9219.06
9037.26
8750.62
9219.67
8633.68
9122.22
9285.89
8718.14
8732.69
9030.51
8842.46
9229.44
8962.24
9397.75
8775.81
8523.32
8951.58
8866.4
8939.2
9089.54
8792.02
9018.37
9022.97
9104.65
8770.74
9093.17
9003.25
9018.67
9399.6
8753.08
9165.73
8759.43
9199.97
8830.2
8759.45
8794.51
9453.58
8567.67
9056.5
9130.31
8971.82
8754.64
9162
8867.75
8812.33
8654.77
9082.4
8780.77
9280.56
9145.98
9203.83
9323.36
9157.6
8774.8
9078.58
8887.89
8926.18
8924.59
8739.32
9473.54
9211.42
8741.49
9004.95
8901.77
9336.97
9004.45
8750.41
8650.18
9084.42
9199.46
8910.62
9454.22
8698.59
8879.86
8673.46
8740.79
8919.15
9102.32
9159.21
9390.96
8644.14
9057.36
9027.61
9010.04
8448.86
8801.43
9455.12
8701.27
9068.31
9111.44
8738.8
9004.8
8888.31
9003.06
9079.85
9145.98
9104.28
8425.94
8973.14
9406.68
8829.83
8797.78
8969.77
9306.56
9014.65
8563.19
9230.51
8901.24
8910.6
9085.22
8980.31
9401.28
8897.33
9049.6
9357.43
9196.37
8785.08
8882.95
9090.4
8962.48
8627.78
8677.49
8991.8
8918.63
9182.79
8852.75
9227.63
9107.67
8595.21
9071.21
8906.91
8791.87
8505.81
8929.55
8974.23
9126.57
8760.19
8734.18
8488.66
9231.09
8819.27
8948.46
9072.17
9434.21
8821.86
8960.67
9248.83
8779.26
9309.63
9191.1
9260.1
9052.01
8961.11
9184.54
8841.69
8718.31
8764.59
9587.69
8925.01
8919.59
8870.25
9072.83
9028.91
9189.12
9253.99
9082.65
8980.98
9292.59
8985.68
8494.72
9363.88
8945.54
9353.31
8913.94
9136.19
9128.57
8871.32
9177.55
8949.61
9277.66
9126.41
8751.33
8900.13
8816.01
8964.47
9159.99
9594.77
8818.19
8471.82
8970.54
8672.17
8727.35
8894.89
8926.44
9033.93
9147.36
8990.56
8611.04
9000.73
9277.79
9025.55
9654.45
9066.79
9114.7
8681.45
8837.4
8853.29
9150.07
8732.74
8962.86
9051.6
9231.72
8627.69
9169.81
8828.07
8658.77
9815.44
9265.21
9168
8905.01
9004.82
9063.8
8789.07
9046.02
9103.72
8851.73
9389.67
9102.94
9205.19
9218.96
9361.1
9188.62
9348.08
8961.42
8915.94
8970.13
9683.73
8893.78
8560.07
8909.86
8617.67
9207.07
9021
8715.53
8912.37
8843.01
8959.74
9196.08
8675.22
9071.44
8806.26
8719.35
8765.4
8996.85
8874.8
8372.87
9178.68
9221.79
9219.64
8602.1
8967.54
8893.33
9148.16
8829.52
8752.41
8867.02
9221.52
9154.06
9293.88
8678.87
9078.91
8886.1
9029.62
9280.07
9393.97
9052.21
9673.96
8971.33
9301.88
8985.82
8702.96
8611.45
9200.2
8927.91
9261.18
8899.87
9158.9
8841.25
9547.94
8970.78
8690.65
9020.07
9148.96
8932.92
9344.22
9063.07
8972.29
9272.82
9065.37
8875.43
8937.51
9344.97
8984.8
8993.94
8969.6
8795.73
8948.88
8931.2
8954.86
9289.33
9589.9
8907.64
8861.52
8651.6
8867.7
9087.94
9221.61
9073.21
8791.69
8597.36
8737.56
8467.52
8846.68
8875.32
8838.79
8974.21
8823.12
8909.93
9115.15
9110.31
8865.83
8776.65
9433.78
8844.74
9073.01
8968.63
9157.34
9034.16
8992.63
9025.33
9288.7
8903.01
9406.4
9005.91
9154.98
8928.07
8962.52
9032.19
9033.16
8978.17
9460.58
9314.97
8913.92
8838.24
8778.38
9006.44
8538.59
9208.86
8991.14
9228.06
8649.19
9049.2
9153.79
8717.83
8893.27
9061.08
8608.97
8777.46
9221.57
9342.33
9439.94
9042.71
9157.47
8728.06
9153.06
8927.93
8957.51
9011.44
8971.17
9128.22
9319.16
8780.94
9369.52
9107.18
9041.64
9170.21
8395.77
8811.02
9252.95
9406.63
9410.41
8888.58
9289.25
8589.77
9125.6
9068.3
9235.31
8795.3
9086.1
8853.44
9047.18
9044.5
9221.4
8722.89
9281.85
8711.89
8769.65
8731.05
9082.54
8791.88
9483.47
9092.43
9186.22
8516.72
9546.21
9162.31
9163.54
9168.62
8763.73
9180.11
9271.96
9124.32
9183.93
8840.71
8920.93
9011.25
8967.99
8865.55
8890.72
8830.49
9033.48
8870.08
8833.92
9237.45
9016
9108.27
9277.73
8987.08
9152.02
9160.92
8720.58
8873.12
9170.55
9048.6
8898.96
9043.35
9014.46
8889.89
8891.04
9612
9125.09
8890.99
8826.58
9123.05
8984.57
9040.67
9106.37
9227.77
8659.17
8880.85
8992.21
8749.07
9413.93
8974.91
8954.9
9167.68
8712.01
9115.72
8940.63
9257.19
8730.99
8582.17
9347.5
9050.12
9035.17
9064.42
9275.7
8974.88
9011.75
9015.46
8967.98
8881.64
9068.74
8688.8
8748.82
9170.42
8871.84
9222.76
8716.23
9175.84
8571.61
9122.86
9365.81
9081.56
8724.89
9003.52
9228.18
9207.95
9207.23
8628.07
9315.59
8762.63
9091.32
8902.62
8915.68
8826.92
9007.87
8867.75
8978.85
9199.29
8772.77
9226.84
8967.59
9327.13
9243.54
9118.99
9172.85
9386.38
8883.95
9206.07
9037.3
8785.08
9230.26
9180.73
8928.63
8776.09
8673.29
8741.78
8844.52
9149.24
8754.39
9041
8988.28
9310.86
9010.48
9317.58
8782.09
9304.18
8751.24
8975.08
9104.43
9268.35
9140.94
8795.36
8437.21
9199.06
8793.05
8994.41
8841.68
9043.3
9131.13
8937.77
9443.95
9257.99
9268.28
9002.31
9104.19
8837.48
9160.31
8757.21
8412.11
9145.67
8589.14
9465.99
8729.02
8657.86
8950.91
9507.89
8936.32
9029.64
8981.39
9214.4
9229.63
9490.24
8972.47
8925.4
9094.87
9049.84
9393.97
9131.83
8928.21
8747.38
8678.07
8724.14
8973.57
8646.11
9018.48
8868.56
8922.77
8735.89
9343.29
9212.07
8910.32
8849.43
9245.85
8903.77
9063.21
9517.74
8754.7
9092.18
9144.36
9176.99
9040.72
9344.28
8911.65
9432.08
8665.9
9142.68
9314.95
8938
9071.86
9093.3
9302.02
9126.72
8949.63
9000.67
8982.81
8864.17
9588.09
9507.22
9124.75
8851.71
9053.73
8953.57
8832.53
8997.9
9130.1
9411.03
8943.79
9238.7
9027.55
8867.28
9127.75
9027.14
9335.35
9239.13
8949.64
9618.11
9487.05
9175.6
8708.31
9297.53
9080.57
9033.97
9275.02
9051.95
8816.25
8865.12
9368.64
8859.25
8880.71
9069.55
9268.64
8970.72
8628.02
8742.62
9013.05
9227.74
8916.32
9278.75
9077.01
8733.41
8531.92
9160.19
8964.46
8646.22
9065.15
8906.8
8944.24
9480.57
9319.01
8902.25
8896.23
9191.46
9216.66
9357.76
8886.42
8908.4
8792.38
8867.4
8809.18
9010.68
9514.78
9021.68
9305.85
8969.78
9397.74
8860.71
8707.73
8985.59
9482.16
9098.14
9069.3
8863.69
9325.2
9191.02
9211.55
9006.77
9221.9
9390.96
9353.95
9082.53
9253.05
9070.49
9091.56
9179.35
8618.41
9327.59
8760.18
8691.53
9154.65
9545.32
8977.95
8957.91
8803.41
9064.43
8567.52
8369.18
9620.47
8432.25
9304.67
9339.27
9015.1
8733.14
9038.21
9110.63
9106.04
8662.92
9252.97
9069.55
9059.91
8569.22
9135.78
8747.18
9169.15
9322.34
8888.09
8930.75
9334.32
8503.59
9282.96
9235.32
9468.29
8883.58
9101.48
9253.79
9002.2
9514.14
8985.16
9245.62
9009.26
9078.65
8979.53
9120.17
9359.57
9273.37
9317.48
8828.53
9351.44
8905.77
9602.19
9237.53
8735.21
8771.75
8917.11
8803
9070.24
8866.25
8806.98
9173.57
9192.18
9101.43
8919.24
8553.38
8952.63
9145.41
9019.98
8893.86
8556.1
8925.63
8657.53
8939.61
8967.74
9002.65
9184.01
8981.5
9756.53
9164.56
8808.34
9101.7
9476.52
9309.1
8914.33
9106.94
9203.72
9151.06
8952.33
8771.43
8997.48
9272.18
8744.48
8927.95
9049.59
9068.25
9176.1
9281.33
9441.56
9411.38
8858.28
9008.67
8740.18
8785.79
8768.3
9073.3
8876.08
9251.79
8871.22
8833.37
9120.64
9414.37
8853.9
8752.2
8831.2
9067.17
8969.33
9010.59
8651.66
8947.58
9885.97
9028.76
8793.89
8997.83
8925.12
9359.43
9279.54
9240.41
9444.37
9041.87
9314.3
9126.36
9178.01
8477.96
9278.37
8808.88
8924.09
8889.26
8887.34
9134.75
9244.89
8964.08
9147.3
8947.41
9170.87
8990.92
9402.01
8802.95
8633.95
9064.2
9308.94
9241.97
9247.23
8782.58
8707.41
9014.95
9136.99
9138.55
9191.48
9159.22
8717.37
8823.51
8909.06
8657
9236.37
8963.12
8991.87
8877.35
9002.85
9359.59
9124.92
8879.64
9552.77
9087.92
8410.14
9330.92
8990.56
9171.97
9382.8
8337.41
8992.03
9180.06
8744.73
8860.79
8797.58
8875.67
8899.75
9032.59
8730.28
9312.11
8997.84
9330.7
8946.07
8930.6
8898.38
8910.04
8784.11
8883.36
8705.7
9424.03
8893.87
9349.36
8936.94
8714.11
9005.96
8670.43
8997.8
8833.25
8857.44
8918.8
9153.55
9196.34
9367.58
8951.54
8861.14
8895.89
9032.29
9358.04
9019.41
8924.9
8886.44
9035.34
9289.71
9193.01
8803.89
8734.03
8883.62
9177.84
9065.39
8759.83
9599.8
9000.1
8899.5
9111.37
9006.34
8698.97
9501.23
9270.82
9402.1
9104.29
9065
8931.96
8864.12
9771.4
8862.79
8973.44
9224.11
9224.26
9016.07
9100.85
9107.14
9259.62
9219.32
9152.95
9152.94
9046.92
9055.45
9045.25
9053
8944.66
8684.9
8896.65
9245.35
8963.29
9172.54
8964.29
8898.43
8993.22
9223.5
8973.11
8566.88
8949.49
8977.09
9153.78
9478.94
8911.66
9548.79
9004.58
9220.56
9029.96
9493.75
9047.26
8926.84
8810.77
8974.69
9292.34
8517
