8195.54
8439.88
8676.61
8605.43
8716.75
8378.13
8154.71
8481.5
8687.43
8455.26
8465.06
8672.52
8663
8792.23
8419.24
8637.85
8588.94
8800.07
8575.2
9190.5
8395.26
8206.48
8438.18
8403.24
8404.17
8786.58
8607.12
8662.3
8267.38
8798.93
8696.4
8785.22
8614.84
8869.21
8740.3
8236.85
8708.64
8508.9
8382.43
8382.39
8206.8
8862.54
8476.08
8615.51
9078.21
8785.01
9048.78
8444.96
8820.84
8973.76
8681.74
8569.15
8483.56
8557.12
8774.08
8393.3
8494.22
8346.93
8818.11
8831.4
8474.49
8416.64
8643.06
8693.4
8484.38
8732.23
8926.58
8556.64
8751.84
8397.38
8566.96
8848.19
8577.68
8943.32
8552.5
8636.61
9188.54
8430.57
8901.99
8266.31
8425.73
8504.5
8629.66
8293.27
8899.23
8230
9081.6
8451.66
8371.62
8554.72
8940.3
8744.5
8808.25
8768.19
8327.47
8886.37
8826.47
8327.8
8539.96
8679.48
8388.26
8320.68
8447.07
9081.04
8161.16
8147.57
8775.92
8428.61
8853.08
8468.71
8255.77
8714.88
8688.56
8773.52
8244.97
8574.54
8380.02
8307.96
8467.63
8407.4
8545.7
8441.64
8329.61
8537.3
8341.03
8284.92
8556.09
8497.5
8783.51
8794.83
8510.25
8575.05
8609.27
8282.31
8923.78
8551.95
8298.12
8410.45
8816.98
8827.52
8664.07
8446.4
8329.87
8528.32
8091.82
8876.42
8989.75
8761.82
8461.28
8619.91
8523.6
8599.66
8375.53
8461.95
8595.74
8313.67
8796.76
8579.77
8507.44
8428.77
8507.09
8392.66
8869.94
8603.71
8665.35
9122.78
8571.03
8595.66
8880.74
8662.12
8658.68
8924.86
9161.98
8700.95
8562
8535.37
8845.89
9062.01
8659.67
8512.53
8673.26
8791.5
8737.75
9001.48
8459.53
8554.11
8901.61
8311.66
8564.53
8794.25
8724.44
8958.42
8659.18
8667.85
8425.45
8199.11
8233.39
8575.96
8546.53
8681.79
8938.25
8198.3
8764.99
8961.58
8674.97
8534.33
8480.51
8879.46
8317.16
8490.23
8234.84
8944.68
8773.02
8603.88
8313.65
8642.5
8605.26
8700.41
8610.93
8274.66
8134.76
8665.87
8303.2
8692.96
8212.74
8478.46
8412.51
8468.78
8743.74
8497.1
8563.29
8393.54
8710.15
8633.02
8764.73
8593.27
8698.54
8685.56
8793.48
8662.62
8538.26
8458.39
8792.88
8225.53
8436.76
8530.97
8674.5
8628.18
8603.83
8461.76
8396.66
8519.95
9032.3
8507.16
8651.37
8808.11
8410.97
8890.41
8326.69
8695.14
8569.82
8862.42
8249.12
8400.14
8372.21
8394.4
8750.05
8502.86
8565.47
8525.82
8493.8
8811.93
8412.02
8781.62
8539.6
8698.79
9082.99
8515.3
8389.44
8505.11
8502.97
8326.93
9242.83
8663.02
8352.8
8744.64
8534.53
8309.33
8203.74
8397.56
8488.42
8571.85
8767.71
8564.97
8631.78
8531.24
8473.87
8379.08
8497.97
8477.45
8381.36
8479.06
8073.62
8723.52
8998.02
8519.72
8484
8192.29
8392.95
8526.99
8804.29
8426.99
8770.45
8956.81
8518.95
8415.15
8947.08
8434.83
8783.85
8610.19
8744.75
8577.38
9029.26
8396.2
8482.94
8852.25
8631.59
8596.41
8759.34
8540.73
8590.44
8531.45
8163.37
8823.09
8667.17
8306.31
8836.39
8358.86
8303.37
8591.9
8602.61
8420.24
8668.34
8959.21
8499.38
8721.98
8322.93
8663.81
8555.61
8748.72
8400.32
9026.28
8415.21
8408.4
8747.63
8200.34
9100.78
8442.32
8402.44
8400.77
8835.28
9013.85
8344.36
8933.34
8719.41
8219.49
8718
8748.13
8230.09
8471.02
8486.48
8409.63
8709.03
8393.82
8691.89
8300.64
8790.62
8764.81
8789.21
8898.7
8617.68
9167.13
8505.09
8298.83
8774.06
8545.37
8818.26
8322.56
8232.55
8793.03
8119.43
8686.6
8550.93
8328.66
8434.55
8618.49
8865.82
8688.84
8907.2
8468.37
8618.15
8685.99
8444.02
8281.05
8619.06
8208.18
8976.37
8802.84
8567.18
8354.18
8587.62
8672.46
8837.85
8619.11
8682.39
8589.51
8596.89
8752.98
8720.1
8909.67
8352.33
8647.15
8261.01
8755.3
8821.15
8471.2
8488.16
8723.81
8639.16
8531.96
8940.21
8709.98
8512.39
8479.46
8773.16
8338.74
8588.34
8543.23
8740.85
8681.06
8452.46
8745.22
8178.2
8465.33
8633.67
8501.17
8548.83
8859.52
8582.21
8785.19
8744.15
8903.73
8312.39
8470
8502.05
8408.46
8988.66
8961.72
8478.9
8219.42
8952.56
8574.79
9384.51
8401.91
8756.19
8598.51
8576.13
8511.96
8952.52
8308.94
8590.9
8774.11
9038.06
8666.79
8446.93
8786.02
8527.16
9027.22
8321.43
8102.05
8767.22
8370.7
8390.35
8699.58
8771.71
8713.04
8715.56
8942.2
8386.37
8345.07
8382.01
8372.82
8840.41
8369.35
8476.1
8608.07
8701.83
9004.13
8644.18
8681.18
8308.27
8625.69
8878.83
8488.84
8999.41
8827.1
8681.17
8887.05
8711.47
8549.85
8410.7
8433.23
8673.62
8605.28
8462.99
8707.09
8765.65
8298.78
9213.1
8841.84
8371.58
8694.56
8688.86
8540.01
8338.45
8563.62
8633.64
8572.94
8848.82
8576.4
8845.22
8747.1
8718.02
8756.39
8486.91
8515.46
8558.56
8362.18
8917.61
8509.71
8225.17
8590.53
8506.14
9038.74
8621.01
8600.32
8814.19
9319.91
8656.57
8660.42
8800.53
8843.67
8613.62
8343.81
8655.89
8705.07
8527.35
8807.13
8667.47
8526.38
8830.72
8991.95
8691.1
8334.78
8659.95
8928.84
8347.48
8383.35
8414.58
8556.94
8576.76
8336.25
8423.37
8760.78
8653.68
8839.06
8410.97
8616.33
8635.97
8676.39
8586.67
8778.62
8269.69
8374.89
8821.17
8674.18
8632.78
8657.08
8836.52
8624.68
8365.35
8426.74
8424.95
8831.58
8327
8701.62
8416.34
8903.43
8303.14
8703.99
8696.58
8822.68
8465.75
8753.08
8372.18
8811.66
8370.15
8673.87
8324.04
8602.04
8573.13
8644.22
8597.34
8427.72
9109.07
8184.54
8394.12
8531.85
8375.6
8632.04
8690
8373.32
8772.85
8404.36
8234.9
8844.94
8192.57
8693.82
8543.41
8405.99
8165.21
8608.55
8530.59
8349.42
8770.21
8350.78
8151.48
9060.93
8935.58
8566.89
8686.63
8347.84
8276.14
8615.34
8645.99
8255.26
8603.06
8501.21
8662.47
8863.15
9403.38
8736.89
7944.05
8762.78
8529.72
8066.16
8408.86
8880.35
8525.68
8521.99
8445.41
8394.68
8523.09
8635.91
8368.77
8333.59
8613.31
8998.27
8434.64
8511.83
8710.36
8759.99
8091.98
8727.31
8357.23
8526.03
8390.27
8357.81
8156.06
8557.24
8337.89
8140.69
8422.76
8889.45
8404.23
9235.98
8745.6
8550.22
8364.32
8767.25
8631.9
8581.14
9254.67
8724.71
8660.08
8508.23
8327.31
8712.26
8421.22
8267.76
8382.32
8421.47
8977.05
8699.31
8429.15
8471.69
8370.43
8869.73
8557.39
8699.12
8492.42
8432.66
8904.84
8283.32
9010.27
8841.28
8347.19
8321.15
8748.17
8491.08
8641.03
8227.39
8288.9
8346.56
8343.09
8471.87
8654.57
8431.88
8255.5
8744.48
8895.14
8801.19
8360.06
8599.42
8698.09
8519.98
8406.94
8783.09
8891.05
8586.7
8432.15
8485.65
8639.83
8417.21
8586.47
8597.26
8709.83
8789.38
8349.83
8928.6
9099.66
7972.48
8375.77
8454.32
8699.45
8564.02
8629.46
8899.95
8681.18
8223.42
8586.09
8365.53
8480.61
8454.73
8866.66
8643.13
9178.66
8654.19
8725.38
8542.14
8466.43
8819.27
9248.99
8759.49
8077.48
8610.84
8551.38
8770.26
8377.32
8716.72
8787.29
8518.08
8401.49
8722.99
8798.35
8288.62
8662.14
8665.95
8654.07
8570.5
8741.68
8531.9
8577.71
8576.84
8504.14
9095.52
8838.26
8879.34
8821.72
8294.51
8696.1
8597.04
8473.03
8681.9
8678.33
8387.7
8771.5
8430.36
9096.12
8718.77
8752.76
9012.93
8854.82
8568.75
9016.04
8529.41
8395.05
8641.73
8811.36
8454.87
8525.65
8782.04
8108.27
8738.99
8785.07
8073.47
8850.87
8939.36
8822.86
8566.66
8617.23
8519.79
8272.88
8463.81
8993.2
8265.88
8756.67
8433.15
8490.03
8560.21
8703.72
8512.51
8380.69
9040.37
8670.14
8379.9
8403.19
8389.34
8784.4
9167.63
8439.99
8385.9
8782.05
8422.29
8746.31
8765.66
8674.47
8603.21
8706.53
8827.87
8968.45
8756.99
8862.68
8881.87
8716.79
8472.85
8374.29
8579.54
8680.65
8742.98
8507.24
8315.63
8262.64
8723.63
8784.21
8758.68
8222.75
8630.7
8325.41
8539.25
8455.19
8429.53
8536.01
8739.44
8755.89
8259.87
8583.21
8701.14
8555.16
8455.71
9095.1
8486.54
8718.34
8936.26
9003.43
8479.12
8578.74
8406.76
8487.6
8370.23
8549.99
8593.09
8192.27
8547.57
8352.71
8382.8
8326.6
8299.14
8727.97
8293.36
8803.91
8479.96
8627.04
8480.08
8213.97
8587.18
8639.45
8706.8
8541.47
8740.32
8570.48
8692.98
8597.95
8646.11
8216.16
8843.55
8979.93
8681.75
8699.14
8943.25
8655.77
8840.08
8412.01
8566.79
8840.55
9116.1
8646.29
8180.85
8878.86
8324.25
8598.04
8574.75
8903.33
8479.55
8615.04
8602.17
8444.12
8751.63
8696.46
8401.39
8455.8
8963.69
8322.98
8253.84
8272.04
8413.82
8481.25
8698.56
8754.86
8481.87
8578.09
8856.5
8474.01
8748.37
8567.16
8419.32
8606.5
8047.2
8399.96
8541.14
8357.48
8382.45
8713.89
8238.58
8566.56
8663.62
8686.01
8322.84
8572.88
8812.55
8992.23
8526.67
8784.08
8877.1
8338.54
8764.43
8747.39
8974.62
8287.56
8492.27
8722.09
8381.69
8523.46
8605.06
8215.38
8192.41
8325.3
8954.16
9038.67
8768.72
