8199.16
8018
8444.17
8155.59
8001.01
8077.8
8163.89
7877.66
8178.52
8224.62
8043.22
8280.54
8393.66
8480.31
8286.48
7983.41
8420.97
8289.08
8653.26
8409.18
7996.23
8707.06
8306.64
8097.37
8288.05
8392.8
8094.55
8300.42
7865.45
8168.88
8006.71
8282.21
8322.39
8010.55
7951.42
8391.41
8174.72
7935.17
8025.83
8552.42
8519.57
8578.41
8291.6
8712.23
8158.07
8256.76
8486.35
8124.83
8094.89
8135.25
8443.63
8024.23
8297.26
7988.36
8268.3
8090.94
8331.62
8181.64
8390.84
7960.97
8377.86
8015.28
8154.47
8618.29
8294.42
8128.55
7869.86
8090.52
8120.05
8293.04
7881.66
7887.68
8267.99
8016.72
8344.14
8041.84
8228.41
7935.95
8299.32
7798.53
8535.07
7939.25
8295.59
8037.26
8022.29
7803.4
8026.27
8263.06
8149.28
8226.16
8165.74
8626.43
8052.23
8298.94
7832.42
8323.8
7744.59
8131.12
8515.87
8270.38
8224.68
8398.27
7862.34
8235.44
8324.31
8168.47
7880.31
7997
8276.89
8188.53
8339.59
8192.16
8081.31
8220.51
8343.34
8469.07
8210.55
8254.4
8148.51
8166.76
8129.22
8248.5
7576.87
8121.97
7800.02
8154.57
8541.72
7928.49
8622.72
8097.82
8037.92
8458.29
8095.46
8522.69
8313.37
8120.04
8211.48
8016.79
7804.98
8454.25
7771.82
8208.37
7959.92
8100.86
8234.61
8349.07
8350.02
7985.6
8224.88
8826.8
8146.32
8037.7
8549.7
8384.88
8298.7
8411.04
7950.92
7878.95
8148.2
7718.89
8194.5
8378.08
8253.14
8339.77
8170.69
8217.89
8231.67
8162
7923.6
8058.36
8235.32
8080.42
8600.67
8073.54
8169.71
7887.5
8444.23
7759.69
7872.63
7876.54
8362.35
8486.54
8218.57
8083.57
8524.82
8056.55
8022.12
8528.35
8376.4
8361.02
8531.97
8664.11
8140.21
8685.11
8584.84
8254.23
8360.4
8112.61
7976.11
7945.79
8223.68
8301.05
8384.06
7999.51
8430.18
7596.5
7993.42
7853.93
8272.51
7864.2
8222.8
8494.92
8456.83
8253.37
7904.96
7873.87
7864.75
7960.96
8063.65
8063.29
8402.28
8452.07
7930.99
8361.11
8005.28
8049.15
7895.17
8023.57
8185.48
8040.74
8294.11
8466.85
8308.15
8525.97
8431.66
8069.73
8010.47
7956.04
8032.39
7964.66
8414.91
8040.91
8212.55
8569.17
8454.62
8040.57
8059.72
8216.24
8526.06
8033.83
7842.23
8312.38
8237.1
8214.52
8832.51
8374.74
8319.61
8260.63
8409.76
7766.11
8273.56
8450.01
8208.63
8472.49
8103
8406.42
8275.24
7913.71
8252.81
7853.46
8439.26
8054.98
8132.92
8143
8139.22
8733.78
8338.17
7901.02
8153.58
8526.64
8255.57
8108.85
8620.49
8705.27
8076.28
7810.36
8340.39
8229.23
8270.98
8214.49
7822.14
8659.67
8065.76
8279.86
8444.61
8342.45
8408.44
8098.97
8354.37
8234.11
8301.6
8260.68
7907.17
8386.55
8375.07
8542.67
8038.45
8120.85
8046.66
8369.47
7966.39
8337.38
8156.97
8307.32
8362.96
8435.45
8318.96
8183.44
8346.75
8562.07
8180.58
8473.24
8175.35
8398.99
8339.49
8724.58
8047.85
8460.85
8488.43
8043.85
8048.43
8022.73
8066.29
8184.41
8147.03
8301.05
8685.57
8353.69
8336.55
8460.18
8487.52
8536.39
8063.77
8414.6
8014.72
7937.38
8100.92
8145.03
8067.12
8181.32
8244.04
8118.91
8275.75
8036.28
8550.11
8278.75
8151.18
8706.03
8473.44
8355.5
8289.51
8001.56
8264.82
8443.47
8188.27
8156.91
8471.36
8257.46
7973.53
8165.54
8000.93
7967.06
8331.42
8184.54
7952.29
8064.69
8174.14
8067.21
8003.28
8767.01
8124.24
8301.78
7875.2
8006.22
8246.81
8147.98
8415.86
7967.25
8347.83
8007.12
8353.81
8013.5
8333.72
8006.42
7895.47
8399.36
8253.51
8181.86
7892.78
8238.73
8350.21
8096.69
8015.28
8446.16
8270.28
8285.86
7805.7
8687.11
8372.15
8100.16
8133.57
8269.72
8525.04
8338.21
8280.44
7839.49
8647.97
7960.14
8114.09
8229
8428.13
8195.35
7876.96
8706.85
7920.05
8610.99
8382.71
8398.42
8239.01
8339.61
8056.32
8291.84
8014.49
8147.69
8262.5
8283.92
8086.93
8262.13
7976.51
8202.86
7932.09
7944.52
8152.16
8085.09
7937.33
8137.05
8286.45
7979.3
8183.37
8302.03
8422.19
8325
7981.3
8475.86
8305.16
8291.85
8377.99
8205.86
8497.61
8202.99
8315.87
8133.94
7943.86
8344.9
8398.76
8312.08
8497.51
8193.6
8239.36
8239.02
7842.73
8270.79
8107.21
8397.29
8247.42
7842.82
7955.48
8437.8
8412.95
8607.26
8185.58
8356.18
8158.33
8251.44
8228.68
7998.01
8119.08
8332.87
8238.27
8150.69
8494.85
8039.97
8190.52
8306.63
8623.12
8090.41
8240.17
7786.64
8024.24
8125.74
8208.27
8448.72
8091.22
8750.2
7887.17
8092.91
8141.19
8091.03
8365.71
7889.14
8461.67
8572.07
8309.5
8302.99
8057.85
8190.73
8216.43
8307.74
8087.97
8295.96
8235.75
8332.69
8323.14
8295.39
8011.59
8136.18
8143.82
7956.52
8284.43
8234.2
8214.12
8029.06
8039.1
7959.82
8687.18
8248.72
8041.92
8188.65
8111.56
8071.3
8091.31
7948.54
8225.03
8540.58
8187.28
7939.23
8634.4
8224.09
8044.8
8030.68
8195.87
8271.73
8314.63
7900.14
8479.3
8148.46
8236.68
8217.11
8191
8350.65
8557.1
8168.21
8447.71
7955.82
8088.72
8127.27
7997.09
8567.41
8601.34
8042.57
8181.93
7968.93
8002.47
8695.19
7644.4
8552.62
8470.04
7958.16
8469.01
7899.9
8219.22
8456.85
8503.49
8447.66
7814.78
8549.49
8062.55
8287.91
8281.33
8119.73
8360.01
7798.55
8175.38
7963.32
8071.9
8165.35
7935.42
7807.66
7818.05
8638
8292.63
8197.09
8113.47
8527.17
8391.77
8340.71
8142.93
8242.5
8311.3
8419.95
7784.11
8149.88
8124.4
7971.89
8191.42
7686.47
8103.1
8196.33
8165.31
8086.91
7747.54
7992.9
8503.75
8345.34
8176.21
7936.2
7871.15
7688.15
8229.43
8057.18
8647.03
8049.58
8729.55
8565.29
8176.44
8499.34
7796.31
8320.86
8168.39
8381.77
8074.49
8156.28
8387.4
8144.46
8289.19
8179.94
8143.17
8318.07
8451.62
8322.42
7994.99
8133.61
8376.82
8087.95
8414.9
8199.97
8345.25
8268.51
8217.88
8309.21
7958.77
8039.42
8099.74
8145.14
8439.99
8562.36
8063.34
7907.38
8280.14
7683.29
8377.43
8176.78
8279.69
7979.8
7951.06
8348.9
8112.51
8327.91
8066.05
8722.07
8222.77
8236.89
8425.33
7714.7
8075.61
8164.18
8459.96
8374.21
8272.22
8312.99
8374.17
8164.79
8130.6
8368.21
8024.28
8390.94
8442.79
8290.2
8456.25
8287.57
8486.37
8152.88
8210.54
8082.96
8498.6
7824.84
8112.05
8050.75
8499.23
8426.91
8176.12
8508.67
8203
8219.28
8086.37
7996.78
8143.25
8055.87
8435.33
7946.78
8046.43
8420.82
8418.7
8056.02
8227.09
8216.27
8511.76
7921.23
8022.07
8314.3
8006.3
8298.32
8240.18
8338.98
8201.14
8209.58
7847.93
8081.6
8093.01
8171
8603.99
8526.61
7735.84
8488.3
8555.74
7964.26
8215.78
8205.91
8356.64
8416.65
8467.63
8193.99
8104.42
7934.26
7877.91
8280.35
8463.26
8310.42
8201.2
8399.93
7936.58
8586.11
8514.54
8690.81
8501.51
8868.76
8425.52
8260.49
8255.59
8345.85
8218.51
8757.11
8196.63
8120.97
8675.55
8340.69
8251.37
8123.02
7918.29
8017.17
8547.65
8521.06
8297.94
8176.76
8029.5
8208.65
8110.93
8524.48
8405.22
8053.99
8166.82
8355.99
8197.6
8086.25
8292.21
8167.03
7781.01
8236.27
8350.11
8238.87
8794.73
8198.74
8288.08
8632.53
8700.57
7796.78
8223.46
8124.89
8259.72
8425.44
8167.72
7976.55
8149.68
8071.11
8391.79
8465.85
8099.68
8150.22
7989.13
7814.14
8301.95
8575.99
8044.66
8393.52
8258.54
8258.09
8066.1
8085.66
7926.92
8312.14
8401.46
8171.74
8168.25
7701.08
8283.09
7962.14
8601.22
8415.04
8339.41
8432.24
8147.03
8581.93
8118.54
8122.61
8524.12
8263.87
8105.75
8563.5
8300.37
8223.67
8401.6
8085.69
8393.19
8418.21
8082.56
8216.75
8704.18
8352.19
8265.9
8158.85
8159.26
8339.52
8568.91
8348.4
8063.22
8347.66
8119.83
8589.22
8330.76
8075.84
8173.49
7820.57
8377.05
8065.3
8299.79
8160.55
8765.22
8027.98
7938.65
8160.73
8054.1
8364.87
8155.02
7914.55
7942.89
7985.89
8260.43
8506.04
8554.67
8289.92
8506.31
8076.9
7971.82
8416.38
8521.72
8183.92
8225.14
8219.71
8309.4
8387.05
8152.42
8399.3
8552.31
8327.82
8580.26
8219.88
8262.86
8707.52
8105.91
8074.15
8387
8301.97
8426.93
8300.27
8391.84
8409.77
8493.99
7957.32
8072.31
8407.4
8268.87
8380.98
8801.78
8224.08
8578.08
8254.9
8264.58
8200.31
8145.73
8338.45
8672.68
8289.04
8310.54
8333.07
8054.12
8359.89
8698.33
7724.92
8398.83
8290.15
8482.15
8351.13
8185.08
8165.45
8212.73
8118.69
8281.34
8484.65
8225.21
8365.24
7869.62
8193.06
8501.66
7888.85
8543.26
8209.64
7912.23
8246.43
8502.89
8209.35
7694.77
8605.65
8265.08
8114.81
8249.03
8482.39
8017.98
8328.9
7993.2
8079.55
8073.11
8488.47
8360.4
8444.65
8450.53
8073.23
8046.94
8328.67
8114.65
8368.61
8031.66
8363.09
8159.13
8275.98
8150.7
8471.74
8427.55
8091.33
8183.31
8265.54
8766.64
8082.4
8297.92
8294.51
8424.74
7988.77
8479.05
8124.24
8073.42
8240.81
