8091.51
7511.49
7675.4
7744.1
8016.94
7899.4
8405.01
7820.64
7492.98
7879.55
7740.72
7783.05
8026.53
7742.06
7973.58
7957.39
7791.11
7829.2
7600.83
7547.26
7923.48
7775.69
7923.5
8129.38
7927.44
8151.64
7836.1
7633.27
7776.86
7864.54
8168.62
7744.88
7512.4
7809.91
7950.48
7938.13
7708.85
8046.81
7923.61
7626.56
7696.49
7676.67
7820.08
7849.59
8238.61
7618.69
7740.93
7944.07
7915.61
7822.39
7728.62
7904.05
8067.4
8145.16
7859.42
7802.51
7862.66
8122.53
7961.63
7725.49
8039.37
8040.85
8129.22
7955.94
7765.6
8050.14
8351.09
7825.13
7877.73
7905.05
7949.37
7852.46
8296.62
7761.69
7910.11
8168.95
7870.48
7834.74
7720.69
7592.15
7556.19
7492.51
7875
7896.33
7751.02
7620.37
8027.44
8182.07
8145.65
7994.34
8283.43
8256.05
7901.97
7926.36
7684.32
7904.36
8008.4
8060.29
7761.18
8129.51
8142.2
7853.14
7853.75
7630.61
7987.37
7682.78
7726.03
7946.37
7777.87
8050.04
7948.71
7664.68
7758.64
7874.95
7976.16
7874.73
7488.31
7576.53
8103.46
7672.5
7686.32
8089.56
7954.59
7576.89
7830.51
7959.62
7866.49
7633.67
7509.85
7855.34
7725.51
8168.25
7535.61
7985.5
8019.08
8090.92
8197.92
8274.24
7885.89
8278.15
8092.44
7875.3
7484.95
8078.21
7460.32
7794.01
8079.4
7696.15
7647.72
7689.59
7612.94
8025.92
7552.37
7688.55
7697.73
7662.63
7980.55
8147.56
7764.07
8361.88
7862.06
7849.28
7656.53
8273.65
8447.88
8002.34
7560.37
7877.56
7733.05
7748.1
7871.43
8428.2
7825.44
7697.9
8058.43
7978.06
7822.06
8299.37
8078.22
7803.92
7745.96
8010.79
7617.73
7977.26
8257.33
8275.23
8140.93
7933.23
7885.53
7866.01
7777.57
8010.03
7950.74
7825.47
7980.76
7671.64
7709.17
7844.66
8044.98
8304.29
8063.9
7775.94
7618.58
8068.12
7802.26
7662.17
7837.52
7900.34
7857.12
8613.96
8256.12
8129.3
8090.36
7899.01
7865.6
7738.06
8196.95
7693.41
7910.89
8132.97
7546.93
7967.56
7545.2
7927.6
7772.93
7610.48
7764.97
7633.88
7995.69
7717.02
7830.59
8180.93
8019.69
7709.05
8014.99
7883.42
7663.64
7925.08
7908.56
8242.98
7786.66
7447.65
8193.78
7547.58
7801.36
8243.16
7840.85
7847.82
7993.54
7772.62
7762.04
7825.68
7769.94
7778.04
7831.81
7623.16
7680.65
7825.95
8157.01
7498.78
7557.45
7834.25
7526.09
7922.74
7472.89
7857.15
8163.54
7898.87
7719.36
7949.17
8150.03
7760.67
7545.52
8182.66
7986.85
7703.54
7998.44
8037.93
8064.16
7784.71
7754.47
7771.74
7226.78
7817.72
8491.67
7884.38
7771.23
7572.48
8080.04
7671.22
8142.38
7988.42
7958.64
8146.44
7961.53
7910.21
7851.63
7598.64
8024.04
7886.93
8022.46
7829.12
7991.63
7616.88
7685.94
7666.47
8034.32
7962.48
7403.22
7889.85
7522.91
7855.61
8016.8
8310.84
7592.46
7964.34
7757.82
7773.6
7425.37
7718.3
7901.16
8105.9
7875.41
7693.46
7878.94
7835.1
7937.18
7639.87
7694.29
7380.32
8285.48
7799.6
7609.83
8033.26
7688.76
7873.5
7640.29
7904.69
7687.24
7685.15
7938.33
8233.51
7882.8
8012.52
7951.62
7922.36
7860.41
7649.99
8206.73
7776.55
7915.92
7506.67
7752.4
7560.1
7908.38
7774.24
7917.41
7846.55
8021.9
8060.1
7716.71
8077.59
7742.48
8170.39
7979.56
7638.82
8111.84
7758.35
8071.84
7751.67
7969.47
8318.15
7967.26
7816.76
7949.41
8041.67
7639.04
7977.37
8103.3
8116.31
8080.95
7862.16
7927.3
7808.46
7708.48
7775.76
7556.31
8136.67
7475.63
7827.9
7934.55
7607.48
7801.87
7719.67
8274.59
7825.49
7498.85
7752.98
8002.03
8020.53
7600.12
7836.62
7850.79
7647.36
8064.58
7592.95
8177.42
7936.67
8020.08
7853.18
7715.79
7615.25
7736.72
7626.04
7879.14
7509.82
8081.64
7433.83
7579.04
7626.56
7746.63
7731.28
8051.8
8249.41
7644.35
8082.47
7973.94
7894.32
7873.93
7571.62
8007.92
7551.3
7756.83
8026.19
7690.79
7781.08
7971.93
7644.08
7808.49
7817.3
7450.78
7692.19
8064.12
7623.09
7882.03
7921.52
7929.36
7406.43
7995.22
7661.91
7904.32
7866.75
7695.46
8005.27
8155.37
8117.9
7890.21
8362.33
7796.87
7883.29
7969.51
8211.48
7755.67
7661.59
7889.74
7950.57
7762.22
8185.13
7977.44
7837.54
8002.62
7842.5
8003.88
7713.47
8279.29
7879.17
7764.71
7716.53
7990.1
7708.5
8143.6
7964.85
7686.44
7632.97
7953.99
7576.41
7861.19
8338.89
7980.08
7750.93
8024.78
7745.37
8266.41
7992.25
7906.84
7815.36
7902.96
8021.18
7695.74
7916.38
8326.05
7810.91
7938.89
7955.68
7769.02
7847.97
7989.23
8002.43
7952.34
7809.71
7712.6
7860.63
7811.9
8115.22
7895.66
7942.31
7859.58
7811.46
7768.43
7733.6
8297.08
7791.31
8034.95
7370.75
7517.08
7996.2
7991.81
7661.03
7924.56
7644.67
7782.1
7876.33
7940.88
7697.01
7982.36
8028.49
7981.1
7988.16
7817.79
8059.1
8296.23
8011.2
7858.31
7628.39
7669.79
7756.83
8200.42
7647.51
7539
7810.96
8036.05
7823
7796.91
7909.07
8076.76
8225.65
7770.46
7582.2
7965.62
7868.77
8221.03
7708.25
7811.1
7724.42
7641.31
7942.43
8117.43
8171.77
7854.75
8193.13
8174.22
7671.17
7692.6
7931.79
7498.54
8108.22
8551.93
8187.24
7764.92
7877.22
7544.12
8051.54
7951.63
8114.96
7537.5
7447.52
7778.98
7868.2
7746.83
7659.63
7726.32
7853.1
7727.41
7917.24
7837.37
7891.56
7664.78
7957.46
7974.25
7537.82
7704.48
7858.33
8073.26
7956.66
7870.08
7883.72
8044.78
7783.29
7847.24
7536.13
8203.63
7769.57
7700
8005.54
7581.98
7873.45
8169.21
7897.2
7581.29
7798.84
7944.43
7557.3
7906.22
7948.18
7669.17
7758.43
8123.29
7634.05
8159.7
7609.92
7715.69
7868.79
7817.97
8055.78
7697.62
7676.28
7699.11
8103.26
7851.87
7993.03
7619.43
7666.29
8048.89
7921.2
8006.23
7969.19
7829.6
7650.17
7642.52
7987.18
7952.46
7964.72
7453.3
7859.12
7903.89
7824.47
7623.2
7763.43
7934.69
7514.04
7897.53
7624.6
7737.22
7714.24
8042.63
7960.74
8387.13
8275.64
7823.83
7691.06
7868.84
7645.7
7662.24
8013.84
7553.13
8138.11
7808.73
7902.73
7235.25
7852.63
7633.15
7684.76
7793.8
8059.52
7479.74
7645.29
8122.51
7793.21
7804.83
7646.19
8234.15
8248.34
7689.1
7896.05
7962.99
7727.88
7669.92
7709.3
8042.55
8016.19
7892.62
8289.82
7536.51
7916.84
7857.73
7914.71
8144.52
7762.71
8254.14
7852.17
8109.19
7709.18
7640.89
7787.95
7500.78
7966.89
7856.94
7878.25
7517.8
7507.23
7808.69
7843.61
7803.04
7957.57
7512.04
7718.76
7702.91
7812.28
7831.37
8030.89
7913.98
8120.53
7890.57
7599.7
7647.01
7672.6
7518.66
7984.1
7595.2
8180.69
8001.19
8016.92
7728.6
7870.26
7331.72
7769.62
7818.53
7896.69
7567.73
7416.68
7964.29
7731.29
7868.4
7867.63
7752.93
7885.48
8145.16
8149.21
7685.59
7627.95
7834.87
7819.7
7761.01
7964.75
7825.28
7624.34
7759.46
7709.53
7920.71
7910.11
7487.86
7974.1
7829.47
7631.99
7718.4
7747.68
8000
7662.32
8207.62
7788.72
8157.43
7724.09
8268.21
8288.26
7708.86
7721.78
8189.53
8825.09
7879.4
7734.3
7737.7
7780.12
7910.38
8045.42
7833.22
7650.02
8080.77
7874.88
7728.06
7504.46
8083.29
7705.51
7643.83
7492.88
7538.79
7683.8
8061.23
7841.94
7715.04
7556.73
7741.25
7548.44
7403.56
8056.17
7683.95
7559.28
7615.98
7989.68
8090.04
7880.32
7578.73
7574.72
7651.26
7731.19
7859.26
7884.68
7649.64
7651.51
7901.41
8083.89
7870.82
7886.35
8029.78
7724.97
7378.21
7642.36
7730.21
7556.54
8068.46
8060.48
8198.86
7841.05
7992.17
7449.06
7894.25
7658.13
7711.42
8049.81
8271.11
7914.58
7672.76
8186.78
7786.12
7393.52
7708.74
7596.42
7887.77
7827.85
7975.79
7792.72
7806.76
7771.5
7643
7731.98
7487.39
7452.49
8203.59
7798.48
7621.19
7898.27
7919.99
8172.6
7818.03
8122.76
7743.87
7654.31
7838.3
7839.89
7852.35
7831.69
7603.56
7429.56
7742.99
8012.4
7644.53
7849.96
7555.76
7997.55
7599.22
8140.23
8008.55
7774.51
7899.02
8202
7670.43
8115.71
7721.69
7722
8623.54
7970.44
7877.91
7852.45
7916.58
7774.34
7656.64
7429.45
7881.71
8158.11
7965.34
7862.85
7685.47
7522.21
7812.61
7827.81
8007.79
7743.87
7676.69
7964.45
7898.52
7411.85
7656.08
7976.33
7794.37
8194.07
7819.7
7862.26
7899.75
8202.33
8022.07
8185.03
8127.01
7455.87
7676.09
7643.56
7916.28
7831.34
8076.07
7752.67
7621.1
7809.77
7768.47
8330.91
7783.37
7840.16
7703.54
7804.89
8062.1
7998.22
7555.26
8195.5
8180.72
7796.88
7867.34
8038.82
7891.92
7962.04
8217.8
8032.53
8146.2
8167.43
7614.92
7942.23
8392.5
8184.13
8120.11
7350.84
7669.14
7761.76
7978.89
7764.56
8000.05
7346.52
7809.95
7942.29
7610.85
7654.99
8193
7910.88
7770.97
7869.98
7739.4
8044.53
7739.03
7803
8152.71
7714.92
7857.16
7524.52
8122.95
7706.9
7901.92
7990.46
8044.05
7712.32
7946.52
8149.16
7765.26
7727.68
7578.4
8119.28
