7151.81
7691.23
7381.81
7838.3
7127.55
7677.75
7651.23
7552.2
7680.33
7544.52
7447.34
7738.4
7616.79
7408.84
7447.27
7748.51
7456.4
7771.36
7724.08
7639.75
7520.64
7447.16
7542.79
7331.38
7668.72
7311.6
7283.8
7586.68
7377.5
7334.54
7502.57
7684.43
7728.38
7674.89
7281.19
7891.96
7625.77
7411.62
7419.11
7756.89
7592.81
7401.34
7369.45
7497.76
7437.28
7837.04
7785.23
8244.16
7375.12
7710.81
7270.94
7377.51
7782.99
7740.39
7740.02
7724.29
7969.43
7871.48
7488.87
7623.81
7549.53
7735.52
7600.41
7809.33
7555.13
7515.68
7791.11
7515.79
8127.57
7300.8
7761.1
7698.22
7682.5
7559.17
7326.73
7716.91
7713.2
7449.96
7553.23
7380.1
7358.6
7500.13
7566.91
7277.47
7170.21
8036.84
7323.05
7451.48
7551.29
7740.92
7528.11
7209.37
7811.75
7407.45
7460.28
7529.65
7463.2
8065.69
7770.3
7556.66
7417.7
7607.33
7457.52
7445.88
7338.24
7586.69
7611.06
7432.52
7406.41
7408.56
7870.51
7703.92
7478.84
7700.99
7215.6
7611.14
7716.89
7747.25
7469.29
7499.12
7795.23
7534.16
7527.28
7633.43
8033.1
7194.8
7248.04
7508.21
7953.52
7590.77
7443.12
8002.48
7350.69
7816.16
7667.36
7435.65
7791.33
7717.72
7619.64
7096.16
7692.07
7411.84
7132.88
7606.73
7329.99
7870.07
7143.95
7677.84
7217.57
7443.62
7680.86
7515.13
7475.32
7428.98
7482.85
7517.6
7626.71
7742.25
7302.24
7788.94
7475.48
7806
8063.22
7405.1
7615.25
7533.8
7662.3
7322.94
7578.41
7385.19
7733.78
7981.34
7648.77
7426.04
7529.17
7685.61
7537.61
7597.29
7506.13
7352.73
7558.45
7630.27
7806.89
7452.63
7405.99
7709.59
7588.12
7778.37
7440.43
7928.26
7641.67
7286.9
7310.53
7467.75
7287.15
7301.19
7485.59
7619.24
7449.8
7765.24
7730.26
7414.79
7267.69
7334.87
7567.09
7789.99
7360.61
7430.07
7769.59
7762.3
7720.52
7308.29
7594.54
7631.65
7713.05
7583.98
7669.89
7366.04
7286.23
7489.3
7406.79
7496.5
7836.88
7245.65
7761.01
7368.87
7761.63
7537.04
7254.55
7833.73
7527.27
7628.4
7434
7725.55
7585.33
7523.58
7256.04
7343.82
7743.54
7330.5
7792.19
7845.35
7732.44
7163.07
7650.15
7435.66
7817.58
7278.57
7666.59
7422.05
7420.26
7518.37
7510.92
7589.59
7746.79
7708.72
7760.5
7419.87
7584.05
7401.41
7730.74
7474.9
7653.91
7360.49
7712.14
7754.76
7161.83
7370.76
7508.81
7603.54
7758.36
7765.28
7504.6
7389.65
7397.85
7790.06
7643.97
7609.02
7549.74
7480.89
7482.63
7689.27
7565.41
7521.8
7504.43
7432.82
7554.29
7618.69
7598.2
7375.36
7522.16
7419.36
7493.36
7569.47
7508.27
7546.29
7669.78
7480.63
7498.83
7357.34
7623.17
7571.71
7563.23
7378.56
7594.04
7857.97
7659.1
7050.01
7694.11
7347.1
7477.96
7371.12
7362.66
7468.91
7827.59
7570.94
6875.95
7513.53
7890.16
7813.77
7788.73
7635.52
7664.29
7260.15
7314.16
7685.89
7555.56
7425.24
7495.33
7621.92
7516.21
7528.06
7530.4
7101.24
7596.19
7661.18
7452.81
7853.75
7652.73
7543.88
7421.04
7848.64
7559.36
7445.97
7642.19
7183.92
7287.47
7378.69
7823.17
7565.01
7521.12
7316.59
7874.31
7398.46
7477.43
7329.08
7358.74
7609.87
7530.23
7298.65
7680.01
7395.1
7455.76
7296.71
7454.62
7672.17
7473.08
7455.74
7492.85
7720.12
7584.73
7218.23
7440.58
7402.03
7358.18
7384.75
7568.75
7491.15
7289.13
7263.57
7229.68
7414.37
7337.02
8269.9
7636.42
7574.25
7691.07
7771.83
7201.64
7665.3
7372
7405.92
7370.59
7460.5
7295.48
7713.35
7741.94
7740.73
7421.13
7389.69
7582.12
7422.69
7838.9
7794.78
7538.71
7483.24
7833.73
7533.97
7746.1
7304.27
7189.23
7526.39
7632.64
7599.03
7535
7709.64
7383.77
7621.67
7490.07
7674.64
7196.97
7672.56
7445.48
7486.42
7532.87
7483.62
7217.84
7891.35
7281.22
7289.74
7604.08
7702.59
7539.19
7541.37
7602.73
7677.66
7305
7375.94
7591.29
7816.49
7645.09
7490.86
7334.74
7305.2
7579.32
7613.18
7683.39
7460.04
7429.87
7343.09
7323.28
7327.59
7572.6
7323.37
7403.17
7461.97
7377.48
7880.4
7645.02
7813.37
7575.51
7474.06
7697.13
7893.12
7382.24
7272.65
7382.68
7714.58
7769.44
7910.23
7352.84
7131.42
7333.27
7166.64
7731.65
7182.81
7667.84
7883.27
7548.16
7617.01
7663.49
7272.84
7544.84
7319.71
7494.08
7625.84
7652.28
7291.15
7316.78
7793.99
7565.39
7184.61
7589.34
7449.54
7854.72
7600.15
7625.46
7732.62
7925.13
7732.23
7935.55
7640.39
7431.44
8136.25
7563.93
7827.85
7605.93
7494.29
7320.33
7782.59
7436.99
7776.06
7462.83
7747.77
7645.24
7346.87
7587.27
7078.68
7541.39
7868.84
7543.11
7490.57
7052.39
7469.51
7498.37
7239.27
7392.52
7738.98
7787.41
7525.24
7317.7
7259.78
7581.38
7404.29
7406.97
7426.37
7123.06
7686.51
7737.06
7460.54
7688.08
7418.21
7451.31
7436.1
7661.42
7324.35
8105.92
7221.5
7581.01
7535.68
7309.93
7425.84
7463.35
7302.65
7759.92
7543.51
7761.34
7743.13
7604.53
7543.52
7168.44
7731.74
7392.38
7436.02
7456.81
7176.72
7465.45
7482.93
7909.33
7555.53
7788
7239.79
7491.39
7827.41
7865.55
7516.58
7563.17
7934.28
7553.73
7330.29
7799.3
7472.54
7576.17
7282.88
7311.97
7463.61
7494.93
7737.34
7828.66
7162.31
7664.13
7486.33
7428.8
7601.08
7073.72
7676.77
7674.54
7364.39
7147.25
7557.92
7734.98
7570.04
7504.48
7417.3
7502.54
7585.99
7472.27
7279.74
7032.28
7126.86
7642.37
7454.64
7698.43
7483.2
7841.44
7670.4
7642.7
7622.55
7650.7
7256.24
7523.7
7458.72
7477.53
7626.63
7562.89
7390.42
7442.37
7628.19
7285.77
7994.71
7580.79
7314.89
7481.67
7367.48
7275.61
7486.09
7340.78
7216.12
7427.43
7879.8
7496.37
7359.34
7526.02
7492.25
7687.92
8015.82
7516.13
7537.5
7700.11
7497.8
7738.08
7454.36
7449.09
7372.28
8080.36
7637.77
7577.49
7745.92
7298.54
7592.81
7557.14
7500.06
7638.09
7630.15
7023.78
7741.13
7432.92
7431.99
7606.1
7606.24
7879.28
7900.88
7232.02
7720.84
7525.23
7863.62
7662.98
7723.64
7374.73
7459.54
7506.52
7449.39
7483.6
7336.74
7633.47
7268.52
7932.87
7631.46
7486.4
7778.47
7608.75
7716.28
7756.52
7394.8
7613.35
7735.06
7355.61
7335.63
7413.29
7753.25
7739.44
7434.11
7318.09
7270.91
7719.29
7311.35
7821.38
7435.87
7691.45
7340.21
7474.39
7467.48
7722.35
7132.14
7398.39
7673.59
7510.68
7194.21
7371.87
7634.12
7341.2
7355.37
7628.91
7492.6
7425.31
7247.24
7456.64
7464.77
7108.98
7991.76
7206.94
7586.19
7304.62
7316.91
7432.86
7679.96
7690.88
7695.87
7708.59
7569.67
7380.63
7505.55
8055.2
7389.22
7388.97
7672.53
7802.42
7706.11
7434.48
7660.07
7507.06
7427.05
7831.1
7362.26
7563.93
7377.63
7638.49
7317.13
7712.94
7610.8
8067.72
7669.47
7331.66
7313.3
7194.63
7655.28
7826.39
7445.64
7522.5
7376.25
7579.57
8019.8
7542.46
7807.65
7673.77
7746.04
7402.87
7690.2
7458.18
7156.9
7724.21
7384.49
7575.53
7722.56
7580.12
7395.3
7527.32
7554.49
7674.87
7515.39
7290.84
7566.37
7407.17
7312.75
7487.04
7821.93
7395.03
7451.86
7400.39
7487.13
7521.43
7655.56
7459.55
7482.81
7713.33
7573.73
7409.93
7252.06
7459.79
7652.06
7456.15
7285.74
7554.23
7708.97
7523.93
7636.34
7538.58
7301.74
7580.88
7364.68
7543.12
7756.78
7572.47
7701.39
7691.27
7492.2
7877.83
7622.93
7713.46
7562.52
7625.28
7533.19
7413.43
7838.14
7316.24
7268.6
7096.83
7562.69
7579.32
7669.84
7703.97
7358.07
7765.68
7386.96
7293.19
7711.33
7748.1
7246.96
7520.87
7451.8
7531.4
7456.8
7850.03
7223
7101.54
7700.23
7354.16
7485.18
7277.03
7906.19
7822.34
7864.61
7521.12
7676.53
7424.08
7586.82
7210.25
7514.51
7697.62
7335.98
7548.84
7454.79
7280.89
7587.47
7511.63
7551.36
7750.76
7422.59
7254.57
7740.45
7510.65
7702.38
7658.52
7578.32
7578.94
7357.62
7592.97
7518.6
7302.19
7931.25
7124.75
7909.61
7757.03
7750.31
7678.81
7537.8
7970.05
7338.61
7629.07
7450.92
7534.96
7459.58
7471.62
7677.73
7682.08
7675.92
7696.18
7445.14
7613.18
7700.03
7796.34
7469.34
7682.14
7577.15
7589.32
7421.67
7616.98
7477.41
7489.33
7473.48
7500.5
7756.95
7355.18
7701.42
7741
7598.87
7775.53
7216.77
7362.63
7659.66
7473.83
7618.96
7452.93
7714.66
7814.84
7683.57
7719.25
7590.9
7446.14
7917.63
7306.17
7517.1
7213.78
7695.88
7452.7
7429.86
7882.5
7158.97
7559.59
7937.11
7273.35
7898.42
7379.15
7569.44
7565.16
7584
7538.47
7631.58
7708.65
7470.87
7701.11
7721.9
7348.7
7710.88
7819.22
7561.78
7377.47
7533.83
7519.78
7590.82
7646.76
7243.49
7656.61
7219.98
7822.56
7527.5
8015.02
7442.06
7660.35
7876
7643.43
7590.61
7734.53
7771.67
7200.33
7485.45
7915.99
7423.73
7875.65
7586.23
7672.22
7433.1
7416.42
7842.49
7567.24
7880.68
7377.23
7636.33
7636.35
7157.92
