7037.38
7039.87
7731.31
7034.99
7327.26
7174.36
7035.52
7117.05
7013.4
7474.01
7471.51
7276.73
7199.17
7641.61
7339.01
7243.13
7195.19
7426.82
7206.4
7242.9
7352.46
6840.25
7333.22
7241.91
7274.72
7561.17
7257.59
7239.46
7373.79
7316.93
7380.73
6854.27
7337.53
7030.04
7215.11
7363.56
7311.7
6944
7586.08
7007.25
7244.51
7312.39
7440.29
7238.79
7169.96
7297.8
7713.42
7324.22
7373.01
6985.4
7585.48
7456.42
7332.16
7363.55
7171.65
7022.58
7304.47
7547.4
7406.81
7444.8
7133.18
6863.66
7362.32
7182.98
7270.27
7119.3
6649.52
7280.69
7271.75
7553.63
7569.23
6970.73
7116.03
7329.21
7392.42
7490.82
7066.32
7450.13
7345.11
6983.7
7301.31
7163.78
7335.15
7474.31
7282.49
7626.56
7520.44
7425.35
7021.47
7055.96
7488.5
7176.39
7428.58
7255.36
7294.6
7271.57
7237.76
7093.98
7327.67
7284.73
7219.49
7153.94
7236.63
7440.04
7651.92
7597.19
7034.11
6994.9
7369.03
7803.7
7615.9
6971.81
7462.89
7542.93
6856.98
7247.05
7313.72
7295.44
7247.15
7096.79
7203.25
7388.66
6921.76
7242.84
7527.62
7290.21
7127.11
7261.5
7137.65
7172.52
7364.94
6967.44
7024.11
7485.25
7522.06
7412.51
7364.6
7131.87
7562.18
7368.62
7321.29
7532.94
7147.42
7096.81
7384.08
7580.81
7123.66
7432.3
7199.35
7621.03
7261.4
7788.68
6995.89
7456.1
7284.97
7184.29
7567.56
7515.91
7464.55
7143.8
6927.79
7263.49
7335.22
7352.79
7235.23
7083.3
7063.35
7337.75
7343.3
7026.23
7021.55
7103.41
7165.55
7095.95
7103.08
7022.89
7311.79
7411.15
7383.89
7099.14
7050.65
7106.72
7383.12
7341.12
7351.99
7066.64
7197.34
7256.73
7361.91
7487.47
7329.16
7354.44
7300.95
7252.89
7268.07
7071.43
7422.9
6893.81
7346.62
7336.16
7188.17
7286.15
7154.23
7407.5
7276.2
7209.85
7326.74
7347.11
7403.27
7041.14
7472.29
6789.89
7312.41
6797.54
7002.58
7593.36
7351.52
7073.57
7396.36
7403.56
7171.15
7343.85
7371.39
7156.28
7392.27
7173.16
6976.82
7150.47
7195.15
7282.98
7264.23
7257.14
7047.33
6889.44
7239.4
7236.67
7010.49
6884.13
7448
6976.83
7087.55
7180.1
7303.44
6773.39
6863.31
7257.48
7422.42
7387.27
7011.21
6919.13
6943.85
7436.15
7308
7465.75
6796.11
7015.76
7227.36
7501.49
7426.81
7233.97
7700.74
7154.26
7167.43
7490
7423.05
6948.84
7195.65
7231.79
6930.58
7172.8
7132.01
7518.82
7248.9
7294.02
7461.55
7237.03
7210.4
7377.69
7426.71
7216.03
6852.97
6800.49
7150.3
7249.3
7537.51
7217.5
7568.69
7765.64
7332.07
7312.12
7375.98
7113.82
7270.7
7328.91
7581.88
7036.47
6868.38
7219.34
6947.17
7044.41
7408.9
7300.03
7216.01
7327.11
7694.77
6999.01
7443.31
7333.93
7168.22
7049.29
7693.19
7146.08
7389.3
7180.66
7409.58
7482.35
7297.09
7529.3
6892.66
7299.78
7669.81
7058.68
7451.39
6743.39
7255.8
7566.67
7035.7
7285.26
7223.2
7119.99
7433.47
7215.88
7400.14
7338.24
7292.43
7429.93
7297.66
7488.51
7207.18
7166.92
7336.98
7246.56
7255.09
7360.15
6830.67
7383.01
7168.3
7117.66
7355.52
7257.41
7309.8
7208.03
7619.76
7262.91
6934.27
7475.23
7114.57
7038.27
7083.14
7231.66
7116.45
7108.68
7382.36
6976.1
7159.97
6921.47
7718.45
7063.35
7203.84
6945.16
6928.36
7272.08
6997.43
7388.03
7658.74
7615.23
7192.14
7457.69
7442.98
7219.07
7242.75
7446.51
6960.84
7383.87
7157.68
7332.53
7338.57
7403.02
7140.25
7225.28
7089.18
7339.63
7475.06
7547.34
6921.99
7007.71
7358.99
7360.22
7212.48
7195.97
7434.33
7220.15
7107.56
7413.06
7204.63
7098.12
7056.19
7420.09
7454.09
7291.92
7356.52
7264.7
7347.11
7540.94
7452.76
7110.54
7166.56
7287.37
7199.41
6850.49
7224.23
7299.64
7505.25
7271.86
7335.06
7444.97
7336.57
7272.01
7318.95
7159.73
7334.11
7177.85
7120.15
7334.01
7246.29
7187.21
7471.41
6809.2
7723.97
7378.18
7418.82
7294.71
7282.71
7393.27
7422.21
7423.76
7396.07
7548.92
7204.7
7462.48
6954.31
7440.88
7645.11
6866.03
7310.89
7191.4
7610.32
6828.52
7482.54
6987.33
7409.42
7142.05
7118.19
7525
7100.6
7136.88
7480.18
7364.33
7142.4
7661.07
7184.21
7699.29
6980.12
7187.97
7781.96
7269.35
7159.26
7158.63
6980.59
7518.94
7103.94
7382.88
7411.46
7180.92
7422.8
7404.58
7209.71
7465.7
6999.54
7236.7
7503.3
7063.99
7748.51
7106.43
7310.77
7345.9
7110.03
7271.94
7295.56
7308.93
7247.7
7188.64
7128.12
7303.88
7114.28
7250.29
7282.27
7352.37
7410.85
7413.86
7553.2
7239.71
7237.85
7155.64
7261.74
7433.01
7285.82
7001.21
7480.04
7185.24
7564.34
7086.87
7059.9
7378.14
7264.03
7236.11
7310.87
7365.47
7094.55
7373.33
7474.08
7364.52
7233.08
7006.31
7572.32
7078.43
7393.28
7373.71
7496.96
7422.77
7476.62
7382.15
7236.9
7244.28
7136.55
7456.48
7173.42
7238.83
7681.99
7282.1
7120.79
7060.66
7449.54
7411.22
7089.57
7065.84
7366.95
6970.78
7086.9
7492.63
7373.22
7194.41
7363.65
7232.81
7640.39
7121.59
7272
7261.29
7420.91
7585.57
7369.8
7240.02
7249.56
7068.71
7370.17
7274.49
7266.64
7204.46
7442.54
6843.46
7521.86
7225.58
7043.2
7303.14
7162.56
7290.11
7245.59
7205.97
7287.24
7372.87
7070.89
7175.82
6959.1
7321.88
7047.26
7133.67
7167.06
7094.19
7038.93
7118.51
7492.55
7452.24
7297.96
7383.84
7269.6
7576.05
7346.9
7215.82
7100.3
7254.8
7124.9
7373.48
7421.51
7067.02
7327.17
7397.62
7442.11
7427.33
7353.96
7487.43
7323.39
7387.53
7164.33
7275.14
7209.19
7246.43
7437.59
7541.75
7100.65
7348.63
7132.81
7393.81
7308.2
7032.99
7296.08
7015.56
7171.66
7219.42
7232.9
6971.96
7142.04
7302.76
7199.8
7211.15
7111.46
7122.97
6865.02
7119.95
7156.83
7273.98
7702.51
6917.34
7405.58
7158.14
7505.63
7609.69
7280.85
7378.91
6978.24
7468.06
7941.71
7009.26
6993.23
6939.92
7431.85
7589.42
7008.51
7113.36
6991.01
7163.81
7292.5
7282.57
7105.12
7391.67
7171.5
7060.78
6898.45
7349.94
7210.07
7085.86
7268.04
7125.99
7253.39
7481.09
7157.79
7150.73
7070.99
7159.37
7164.43
7558.16
7201.98
6997.11
7778.74
7234.23
7662.28
7358.58
7391.4
7286.33
7033.32
7111.16
7554.96
7498.13
7538.6
7057.41
7235.1
7361.59
7735.33
7801.45
7085.13
7381.37
7117.18
7617.39
7394.63
7401.49
7620.45
7554.91
7257.04
7340.3
7284.52
6932.22
7288.2
7345.36
7570.56
7524.43
7437.9
7134.96
7063.29
7362.06
7347.91
7311.84
7194.95
7197.95
7492.37
7373.05
7085.5
6942.25
7184.07
7098.04
7362.88
6844.6
7355.7
7895.58
7157.7
7012.27
7171.78
7151.3
7746.98
7225.08
7163.28
7405.17
6918.6
6861.13
7256.34
7159.73
7333.17
7068.53
7193.43
7343.56
7311.91
7234.06
7064.52
7337.66
7362.88
7401.5
7548.97
7189.44
7319.74
7456.21
7542.58
7242.51
7595.18
7212.33
7276.7
7697.64
7260.65
7279.28
7153.39
7135.35
7270.38
7097.76
7200.02
7186.15
7048.88
7189.35
7342.15
6926.53
7089.47
7105.67
6997.84
7219.31
7367.06
7327.28
7405.78
7385.52
7130.29
6956.2
7459.72
7051.5
7074.64
7159.49
7308.37
7162.39
7106.94
8141.24
7422.52
7538.23
7044.29
7165.69
7350.53
7296.61
7210.85
6984.17
6976.28
7228.1
7328.05
7198.89
7377.49
7588.39
7324.31
7699.95
7618.85
6953.51
7216.62
7496.34
7529.7
7450.97
7645.87
6928.85
7033.38
7134.11
7612.78
7391.21
7253.31
7122.48
7281.49
7284.65
7656.44
7104.77
7003.21
6857.24
7184.72
7500.59
7344
6843.84
7576.41
7175.7
6941.84
7722.46
7269.01
6819.36
7460.26
7866.03
7388.13
7258.72
7064.63
7142.59
7174.88
6915.73
7334.66
7087.62
7278.43
7697.03
7397.92
6938.61
6968.79
6932.62
7297.39
7460.44
7247.27
7214.26
6942.69
7499.09
7208.13
7068.11
7488.09
7173.56
7368.91
7271.37
6875.57
7091.63
7315.02
7413.65
7101.02
7457.57
7416.69
7339.54
7374.83
7194.48
7115.24
7313.81
7367.02
7232.72
6882
7527.7
7087.22
7715.12
7262.8
7234.55
7621.06
7381.62
7341.41
7011.12
7154.39
7373.97
7200.69
7388.84
7164.57
6997.67
7035.57
7387.19
7473.18
7182.78
7173
7277.12
6976.6
7683.89
7149.34
7184.02
7197.42
7219.72
7205.71
7294.21
7498.92
6952.19
7360.79
7218.45
7148.48
7184.32
7141.98
7225.77
7398.7
7212.49
7175.11
7196.51
7168.04
7218.08
7530.36
7523.18
7176.77
7250.81
7074.9
7139.18
7158.2
6997.64
7226.34
7109.02
7153.16
7141.05
7243.58
7090.44
7253.01
7257.4
7310.17
7525.86
7152.01
7156.27
6886.42
7277.63
7086.46
6967.43
7433.65
7027.36
7179.02
7230.88
7314.17
7427.15
7435.62
7549.94
7165.03
6925.82
7405.13
7266.6
7542.45
7070.82
7291.7
7512.29
7365.8
7478.66
7326.97
7481.4
7365.8
7194.7
7438.93
7366.16
7404.21
7265.79
7353
7434.03
7586.36
7256.67
6899.52
7251.89
6909.64
7584
7118.92
7044.66
7289.47
7303.55
7430.13
7018.02
