31758.8
33092.1
33703.1
33455
32887
32743.7
32502.5
33129.3
31647.9
33299.1
33304
33576.7
32402.2
33147.8
31412.3
33464.1
33297.2
32983.8
33175.5
32588.5
32584.3
34087.1
32141.5
33037.5
33692.9
32527.8
32169.3
32501.5
33260.2
33657.2
33110.1
32199.4
33529.5
33229.2
33828.6
34234.1
32549.2
31262.5
34064.3
32546.1
33018.4
31702.8
32765.3
32582.4
33695.9
33088.1
31619.3
32848.6
33193.5
31803
33105.1
32947.1
33045.8
32318.6
32289.9
32916.3
32847.1
33243.7
34302
33069.5
30869
34623.9
32613.3
31882.6
31707.6
31960
33706.7
33110.7
32555.6
33499.5
32975.6
32389.2
32330.4
32046.4
33176
33739
31637.8
33134.6
33347.6
33308.6
32982.2
33675.6
32932
32450.8
31634.1
33044.4
33272
33529.7
33607.2
33886.3
33305.9
32923.7
32123.6
32932.1
33010.2
33082.4
33921.9
33339.2
34789.1
32372.4
32541.9
32692.7
33522
32323.5
33746.3
31907.5
33318.1
31215.3
32793.2
33932.7
33407.7
33437.7
33369.6
32429.8
32373.7
33681.1
33877.7
33111.8
33310.7
32237.8
32760.2
31682.3
31328.3
32997.1
33757
32411.7
32786
31590.4
31280.8
33031.4
32354.5
32468.2
31285.6
32666.5
33284.5
32165.7
32130.2
34896.3
32238.8
32575.6
33175.1
30628.8
32205.7
30877.3
32663.4
34077.2
32838.4
30938.6
33932.7
33326.9
32495.2
32609
33052.5
33619.5
32134.7
34103.8
31808.9
31585.7
33653.6
33343
32460.2
32724.8
34639.5
33308.7
32687.4
32332.3
32259.1
31503.7
32676.1
33395.1
32804.5
33702.5
33106.5
32658.9
33298.4
33719.7
32292.9
32981
31795.1
33059.6
33758.1
32559.8
33608.2
31536.8
33117.7
32600.6
32005.6
34402.1
31931.8
33146.6
32879.4
31757.9
32123.7
31079.3
31608.2
31771.2
34380.4
32654.8
32458.5
33528.6
34512.8
33679.4
34030.1
32942
33556.9
31446.6
33880.9
33610.2
31793.6
33131.8
33251.9
33963.3
33466
32703.7
33579.2
32920.5
33735.1
33413.3
33309.8
32209.5
33375.8
33187.5
32421.1
31620.2
32639.8
33682.8
33528.9
33661.6
33589.5
32973.5
32838.8
32839.3
33347.1
31896.9
32843
33263.6
32675.7
32755.8
32168.9
33020
32833.2
31622
33363.4
33963.4
32392.9
32139.1
33182.1
31342.5
33382.9
32067.4
32182.3
33311.6
32737.9
33961.2
32485.1
33023.2
32753.4
32979.2
33628.1
34276.1
32224.5
32349.3
32356.4
33229.4
33721.3
33220.5
32570.6
32880.5
34486.5
34007.5
32331.5
33218.5
33526.1
33037.9
31908
33075.3
31209.4
32490.3
32024.1
33012.4
32938.1
31848.2
32367.4
32574.5
31461.5
33467.2
33286.9
32468.1
33152.2
32395.4
33016.6
33602.5
30988.8
32703.2
32231.5
31088
31433.8
32841.1
33741.4
32583.9
32569.3
32222.2
33695.4
31615.7
34412.2
32893.5
32742.9
33191.5
32998.5
34651.1
32859.9
32238
32866.9
33677.4
33485.5
33131.5
32703.6
32584.3
33266.3
32998.6
32853.1
33384
34303.6
32934.6
31689.4
31945.7
35128.8
33482.7
33332.2
33138.3
33760.8
32786
32758.2
31355.2
32245.7
33738.3
34835.7
34213.2
33254.2
33281.1
32327.1
33903.4
33912.4
31329.7
32665.8
31230.9
33077.9
33159.6
32772.6
32861.1
31616
31690.4
33254.1
32948.8
33644.3
31218.8
32426.4
32260.2
32795.9
32312.4
32745.9
32914.5
32377.1
32498.3
32819.8
32829.6
32190.6
31752.5
32780.1
32408.5
32730.5
32394.2
32543.1
30975.4
32980.4
32194.2
32512.2
31837
32510.9
32127.7
33815.5
33225.2
33746.2
32785.3
32742.3
33413.9
32932.9
32184.7
33245
33229.7
33123.2
32716.4
32417
33708.1
32843.5
32773.8
33439.7
33622.2
31403.5
31825
32951.6
32976.8
32486.4
34279.7
33804.8
34019
33733.7
32155
33576.5
32922.8
33701.9
32516.6
34992.4
32802.8
32956.1
34002
32170.3
33172.9
31362.5
33541.4
31935.5
33637.9
33110.3
32484.1
31172.1
31820.8
32533.6
32725.8
31914.4
34094.9
33147.3
33301.4
33398.3
32799.9
33241.2
33791.8
32861.8
34440.9
34882.3
32974
31919.8
32988.1
32223.1
31694.9
31739.9
33299.5
33181.8
32722.1
32743.6
33140.1
32338.4
34057.8
32999.8
33895.9
33232.1
33542.8
33310.4
31718.4
33397
33414.3
33070.6
32094.5
31869.6
31539.7
33295.5
32350.8
31823.2
32687.3
32173.1
31880.3
33406.1
32578.8
33321.5
32967.8
32301
34021.6
32320.5
32701.4
31999.1
33998.8
32968.2
33425
33946.9
33084.7
32991.3
32784.6
33825.6
32639.2
34171.8
32730
33542.7
33030
31559
33250.9
32866.3
33752.5
33130.4
32765.8
31800.6
33989.3
32954.4
31409.9
32258
33051.3
32532.4
33127.1
34087.8
33327.5
35115.9
33059.1
32758.1
32451.7
33425.8
32823.2
32281.2
34183.4
34086.5
32041.6
34360.1
32696.1
32292
33081.7
32021.5
32505.2
32725.6
33224.9
32346.1
32548.5
33851
32648.3
32341.8
32682.5
32135.7
34763.5
33703.6
32328.7
31905.6
33025.4
33281.2
33005.7
31685.9
32682.7
32563.2
33338.5
33385.7
32476.9
32093.2
33089.8
31486.5
32743.4
33049.2
33738.2
31342.6
32358.5
34127
33354.9
31989.8
32936.6
33497.9
33723
31566.5
32895.7
32912.2
33387.8
32683.2
32160
31922.3
33401.6
33428.1
33658.9
33035.9
32084
33459.5
30472.7
34426.7
32002.8
32513.6
32651.7
33346.1
32189.7
32652.6
34310.2
32622.1
32366
32581.5
31744.9
32404.1
32765.7
32992.4
32030.3
33772.9
32440.4
32990.1
33064.5
32558.5
32549.2
32450.5
33253.6
32833.5
33290.6
32819.2
31878.1
31668.5
33878.9
33272.1
33442.3
33380.7
33235.6
32810.5
32974.5
32395.5
33003.9
33520
32671.6
31787.3
33494.9
32545.7
32327.9
32243.3
32794.3
31081.5
33027.2
33364.2
32372.7
33519.1
31807.1
33589.9
33296
33454.8
31361.6
34032.3
32670.3
33955.4
32730.3
32699.6
31897.7
32740.5
32104
33130.3
32809.7
33636.4
34327
31698.5
32333.6
32530.8
32880.1
32549
34280.6
32265.5
32553.5
32379.8
31991.9
32968.8
33093.9
33074.5
33258.7
33002.6
31507.9
32627.9
33371.3
33078.2
32575.9
32498.4
33844
33119.9
33013.7
32348.1
32668.7
33138.9
32334.6
33515.2
33370.6
34067.1
33260.7
31862.7
32538
34582.4
32903.8
31728.5
33317.3
33504.8
32743.3
34430.8
32448.8
33152.7
33458.2
32191.3
32264.1
33860.5
33161.9
33073.1
34035.9
32456.4
33909.7
31301
32422.3
33079.3
33498.6
33211.9
32918.8
31687.4
32876.1
32679.9
33506.2
32477.2
32671.1
33389.7
33078.5
33667.6
31239.6
33352.6
33621.7
32734.5
32888.5
32516.3
33223.8
33172
31845.3
33064.7
33211.8
32282.5
33092.6
31159.5
32590.5
33135.5
33483.6
33492.8
31776
33072.8
31341
33692.3
31960.5
34204.6
33314.2
31736.7
32813.5
34241.5
32302.4
31587.3
32877
32936.8
33725.5
33324.4
32846.4
33365
34313.9
33072
33378.3
32390.8
32725.3
33038.6
33043
33561.4
33996.9
32641.9
33304.5
33891.4
33289.5
33580.7
34527.4
32484.7
33046.4
32965.5
33092.7
33677.7
33556.7
33230.6
32743
32535.3
33587.3
34446.5
32313.9
31632.6
32382.6
32944.8
32645.9
33966.7
32267.6
34865.4
33408.1
32875.9
32290.7
31968.7
33691.2
32946.1
32746.2
33527.6
32045.6
33026.5
34693.4
31637.9
33506.9
32761
33169.9
32876.6
32904
32615.3
32996.5
33200
33014.5
33005.8
32584.1
32847.7
32674.4
33029.2
32394.1
32658
32413.3
31814.5
31250.4
34476.4
32688.7
31663.2
33213.1
32267.7
32800.7
33609.2
33841.7
31826.8
32413
32516.8
33011.4
33669.9
32311.6
32410.8
32982.8
32846.2
33469.4
32128.1
31435.3
33528.5
33715.9
33835.5
31530
32932.4
32311.5
32979.3
33378.5
33368.2
33151.5
32278.1
31800.6
33552.6
33072.2
33256.3
32712.4
33123.6
34515.9
33901.6
33357.8
32464.3
33855.9
33090.2
32578.6
33661.4
33752.1
32883
31896.7
32984.1
33689.7
33657
33030.3
32947.3
32900.4
33648.8
32417.3
32040.4
32371.9
33268.4
32962.7
32925.3
33170.6
34017
33879.6
32968.5
33400.7
32828
32838.2
34078.3
31407.9
33272.7
32961
32030.4
32367.1
32955.3
32349.4
31784.2
33333.5
34235.7
32182.7
33739.9
33723.3
32183.8
32481.3
32681.2
32374.5
32109.1
32184
31818.6
32762.5
33866.7
33564
33331.2
32916.8
32271.4
32597.7
33389.4
32813.4
33726.8
31618
32451.5
33794.3
32674.4
32790.7
33072.9
33365
33537.1
32837.3
33732.5
33695.3
34629.9
32983.4
33263.2
32676
31563.3
33278.4
32248.3
33039.2
33781
33685.9
32261.7
31563.7
32469.2
34150.5
32252.9
32148.8
34270.7
33099.9
32212.5
31965.4
32809
33499.4
33072.5
32684.7
34275.4
33504.9
32841
32151.3
32513.6
32453.8
33380.4
33243.4
32045.1
33212.1
32562.6
33217
32179.3
33593.8
32915.8
33518.9
32116.6
33388
32387.3
33388.1
33078.9
33629.9
32759.3
33005.9
32979.9
33367.1
32867.8
32955.1
32088.3
33621.3
32881.6
33273.4
33441
33504.7
32113.6
33255.7
32868.9
33176.2
33950.6
32491.3
33419.3
32347.5
31343.9
32421
32850.8
33535.7
31859.4
32772.6
32950.7
33467.5
32710.5
33623.1
33081.4
32394.1
33358.8
34782.7
