28087.6
26325.6
26672.3
27162.1
27093.5
27147.7
27600.2
27106.5
27707
27675.7
27512.4
27707.3
27582.3
26231.8
28019.5
27536.5
27138.7
27203.7
27669.4
27542.9
27606.2
27459.6
26892.9
27731.1
27307.4
27921.9
27608.8
27640.6
27551.2
26951.5
27174.8
26527.6
29062.4
27504.6
27583.2
27696.9
27512.5
28106.8
27770
27041
27692.7
27444.1
27547.6
28117.6
27648.2
27545.9
26448.5
27351
27798.1
27706.2
27481.5
28100.6
26938
27653.9
26874.5
27811
28403.1
27997.1
27647.4
27875.5
27056.9
26149.5
27168.3
27923.3
27557
28198.1
27799.7
27079.7
27756.2
27293.2
28308.6
27448.1
27615.5
27366.5
27694.8
26744.7
28620.9
28151.6
28185.7
26925
26482.3
28406
28102.2
26212.6
28457.3
28191.3
28565.4
28383.9
26699.2
27064.1
27928.3
27419.3
27359.4
26227.8
27650.1
25952.6
28181.5
26839
27780.2
27280.3
27154
27613.8
28271.1
28167.5
27646.4
26453
27596.6
27667.5
27317.3
28851.4
27671.3
28467.3
27518.7
26235.9
28239.9
26517.8
26642.4
27344.8
26953.7
27406.4
26492.4
27148.9
28476.5
27519.1
28068.6
27295.7
28475.6
27565.4
27495.2
26706.2
27134
26886.4
26502.7
26155
28200.3
27187.1
27418.2
27656.2
28840.2
26857.3
27553.2
27059.6
26786.5
27880.6
27020.5
27856.2
27761.5
27928.3
28960
26705.2
26623.9
26949.1
27838.8
27090.5
27983.3
28024.5
26653.5
27310.3
26608.1
26911.9
27251.5
27184.6
26898.2
27932.8
27489
26889.6
28172.4
27237.9
26916.3
26801
27756.7
27651.3
28334.1
27691
27227.7
27484.6
26650.9
27367.2
27123.3
27981.6
27591.5
27585.4
26996.8
27203.7
27243.7
27920
28233.8
28247.2
27677.9
26688
27204.8
27185.5
28312.9
28028.3
26338.1
28823.1
27343.3
26940.2
27594.2
27114.2
27243.8
27565.7
27462.1
28430.3
27303.8
27397.9
27212.6
27439.7
26417.2
27158.8
27783
28351.7
27684
27501.6
27111.6
26983.2
27381.3
27912.9
28046.9
26329.8
27182.7
27791.4
26782.3
27647.3
26876.7
26637.5
26701.3
26647.5
28353.2
27745.8
28083.2
27309.7
28074.3
27251.9
27652.2
26818.1
27090.8
28464
27214.6
28447.1
26757.5
28032.6
27842
27976.9
27852.4
27669.4
29153.7
27479.8
28020.9
26998.8
27049.2
28492.6
27561.6
28029.9
27741.8
27049.7
28674.5
26970.1
27328.1
27468.2
26934.8
28263
27014.4
27196.7
28241.4
27254.1
27580.8
27183.1
26850.3
28168.5
27383.2
26552
27349.6
27240.7
27607.3
27553.4
29588
27883.9
26842.4
27167.6
27414.7
27340.5
27171.6
26465.6
28265.8
26309.8
26617.3
27693.4
27056.6
28516.3
27378.9
27101
26142.1
27063.7
26851.5
26513.6
27851.9
27644.2
27508.6
27661.6
28051.7
28949.3
27154.5
27589.7
26925.3
28444.8
28325.5
27176
27851.5
27361.4
27109.9
26900.3
26889.9
28079.6
28070.4
27387.9
28615.3
27545.7
26866
27674.6
27303.2
27146
27812.7
26834.4
25616.4
27308.3
28197.1
27564.8
27607.9
28949.9
27849.7
26998.7
27690.5
27159
27618.8
27489
27547.4
27465.6
27922.2
27921.3
27855.7
27609.8
26591.1
28407.3
26649.9
27081.8
27185.3
27328.7
27603.5
26645.9
26122.6
27315.8
26768.2
27074
26962.8
27553.4
26833.1
27573
27053.9
28301.3
28117.5
27071
26783.3
28003.6
28299.2
27970.6
26837.1
26961.9
28477.6
28237.4
26924.9
28553
28354.7
28223.9
26921.6
27978.3
27657.3
27775.4
27731.8
27146.6
27893.7
27604.8
27121.6
27473.3
28048.1
28036.9
27881.6
26867
27678.8
27601
27541.4
27160.3
28861.8
27450.8
27106.3
27041.9
27339.1
27986.3
27755.8
27560.5
27930.3
26488.6
27834.8
28078.6
27147.2
27646.8
28178.8
27040.9
27651.8
27415.3
28263.2
27247.5
27291.8
27089.4
26614.9
28025.6
28166.4
28241.5
28371.9
27170.7
27195.8
26609.8
27377.8
27724.6
27713
28675
27218.3
27139.8
27111.2
26952.2
28300.1
27681.6
26899.3
27445.2
27301.6
26471.2
27303.7
27195.2
28295.9
27677.9
27791.6
27412.8
26443.4
28522.7
27594
27631.7
26274.2
26807.7
27519.2
27735.2
26980.6
26746.2
27200.6
26381.2
26796
27729.7
27714.5
28082
26602.5
27117.1
26843.2
26429.8
26403.1
26756.9
26619.2
27658
27121.4
28003.3
27817.9
27798.7
26923.7
25552
28009.8
27020
26471.3
27784
27603
26976.4
28613.5
27234.6
27602.5
27881.9
26623.9
26960.8
27550.9
26703.3
27807.6
28035
27968.8
27984.1
26809.7
27652.9
26972.8
27696.4
27560.3
27149
28357.4
27326.5
28360.8
27157.8
27539.1
26575.2
27699.6
27711.9
27440.3
28116.7
28657.7
27456.1
27544.8
25886.9
28026
27331.2
27338.9
27421.1
27715
27492.6
28372.9
26439.4
27994.3
26500
27846
27485.9
28263.9
27418.7
27512.5
27064
28563.4
27737.4
27727.8
28266
27776.9
28006.5
27137.9
29652.3
26541.5
26931
27365.2
28086.1
26696.2
27725.2
28651.3
27048.5
26717.2
27174.9
27423.6
27680.2
27980.3
27133.3
26593.8
27950.2
28601.9
29178.1
26755.6
27212.5
27536.4
27248.3
27884.5
26986.2
27966.8
26233.9
27821.4
27134.1
27191.2
26341
27077.4
27343
26998.6
27320.7
27473.9
27182.6
26635.9
28616.4
27681.6
26846.7
27192.8
26762
27761.6
27602.4
27751.1
27248.6
27785.1
27428
27050.4
28132.7
27375.2
27921.1
27200.7
28386.7
28196.1
27459.5
27714.4
26883.9
27806.8
28252.7
27667.2
26693.8
27568.7
26960.5
26763.7
27817.1
27267.4
27017.5
27584.8
27584
27697.6
27134.2
27276.3
27065.8
27954.4
28063.5
26983.2
26786
27956
27877.8
27616.3
27632.8
27163.3
27943.6
28025.3
28044.5
27052.6
26712.9
27950.3
27403.2
28277.7
27362.7
27159.2
27118.1
28159.5
26488.8
27209.9
27633.3
28767.9
28866.8
27334.6
28591.8
26912.9
26803.3
27134
27238.5
28044.4
27030.7
27736.1
27470.8
27267.5
27601.1
27898.2
27051.7
27700.2
27062
27863.3
27645.3
27678.6
25850.5
27261.1
28186
27125.8
28077.6
28139.5
27446.7
26762.6
27630.7
26889.1
27264.8
28046.3
27456.6
28524.2
26939
26939.4
28423.9
27290.8
26723.5
28267.2
28194.8
27565.6
27193
26579.7
27102.9
27249.9
27779.8
26252.4
28192.6
27807.9
27225.2
26778.1
27399.6
29132.2
27702
28118
27529.5
27329.9
27987.2
26776.8
27701.7
27363.7
27875.5
27436.9
26766
27756.9
27389.2
27605.2
27171.6
27739.2
28155.2
27084.5
27562.1
27688.9
28907.9
27109.9
27710.9
27184.6
27579.9
27064.8
26869.7
26494.4
26846.6
26916.9
26010.4
27412
27177.9
27687.6
26615.9
28589
27464.4
27040.6
27741.7
27501.1
27702.3
26391
27598.6
27371.7
27885.7
27563.5
28054.6
27264.7
27388.5
27623
26881.5
27622.8
26971.5
27851.1
26942.5
28434.3
27189.6
27880.8
26950.7
28659.2
27935.5
26361.9
27395.5
28227.5
27314.4
27599.1
27819.2
27749.5
26675.3
26539.5
25832.2
28054.5
27472.9
28224.4
26779.4
27659.2
26225.9
27082.1
28287.2
27895.4
26947.9
27760.2
27571
28423.7
27837
27741.2
27331.4
26899.8
27801.5
26523.2
28011.2
28017
27036.3
27953.2
25955
27961.6
27608.1
27488.7
27432.2
26011.7
27668.8
27557
27670
27251.5
27954.7
28160.3
27600.1
26317.4
28860.9
27646.4
27863.7
27929.5
26779.5
27317.6
26823.9
27932.4
28971.9
27528.1
27623.5
27787.2
27473.9
26774.2
27462.6
28447
27567.6
27161.4
28267.6
27853.5
27193.4
27229.7
27600.9
27620.4
25815.3
27502
27856.8
28164.5
27990.7
27045
27324.6
27869.9
26534.2
27645.4
27914.7
28358.3
27955.8
28548
27251.5
26797.4
27893
27434
27753.2
27344.6
26959.7
27649
28040.6
27968
27991.8
27787.2
27497.8
27930.7
27713.6
28077.9
27113.7
27087.6
27855.8
27353.1
27956.1
27572.7
25322.2
27605.4
27876.1
27580.6
26798.9
27745.7
27407.2
26758.4
27218.3
28795.3
27074.7
28433.1
28380.5
27498.1
27253.2
27594.2
26002.5
26878.1
26317.8
26250
28327.1
28374.5
28402.1
26681.7
28199.2
29085.5
26826.4
27133.8
26985.9
28653.9
26794.3
27559.2
26161.5
27823.9
27192.4
28581
27402.1
26231.9
28016.1
29262.4
28459.4
28442.3
26566.2
28660.1
27507.6
27176.3
27737
27007.6
26916.8
27901.8
27103.3
26599.3
27180.6
25900.6
26663
27658.7
28148.2
26703.1
27571.4
27598.4
26529.7
27094.8
27006
28213.2
27209.3
27374.6
26666.2
27907
27664.6
27092.5
28858
26825.9
27610.2
27367
26965.3
27726
27406.8
27299.5
27322.1
27667.6
27079.4
27701
27992.9
26842.1
26965.3
28906.3
27203.7
26904.8
27748.9
26141.6
27183.7
26615
27778
26738.3
27584.1
26791.5
27931.1
27867.2
27825.6
27560.4
26800.6
27511.3
28299.9
27654.6
27909.4
28488.7
27437.8
27667.2
27216.4
28215.2
27569
26637.4
27394.1
27296.7
28212.5
28026.6
27729.3
27231
28271.3
27965.3
27508.7
27052.3
27813.8
27437.6
27062.8
27319.9
27822.5
28321.1
27405.3
28418
27495.8
27121.7
27905.1
28072.5
27740.6
28174.8
26466.8
27527.1
26901.9
27495
28076.2
26788.7
27006.7
27445.1
27152.2
