24126.9
23147.6
24043.3
23817.1
22991
23310.1
23559
22830.1
23311
23462.8
24216.7
23319
23774.3
23823.7
24568.4
23081.5
23138.5
23694.9
22632.4
23445.4
23722
23894.5
23246.2
23394.7
23572.5
24417.1
22883.9
24643.1
23457.3
23427.2
22932.1
23785.6
22868.4
24050.9
23651.2
23324.4
23704.7
23765.6
23160.2
24373.7
23088.9
23640.3
22927.1
23706.2
24108.6
24938.7
23170.9
24271.9
24073
24731.7
22825.8
24125.6
22425.7
24801
23817.7
23288.1
22969.4
23037.4
22954.6
22651.1
22690.1
24037.9
24754.4
23346.9
22838.8
23912.1
24247.8
23693.4
23527.8
23548
23760.4
24681.2
24079.9
22782.7
23378.5
23701.9
23878.8
23315.8
24175.1
23493.7
24899.9
23863.4
24050.9
21764.4
23963.6
22679.9
23888.2
22964.3
24838.2
24063.4
23269.1
24455.4
23097.5
24119.5
24546.3
23983
24044.9
24520.2
23297.3
24043.5
23375.2
23421.2
24463
22517.6
23021.5
23387.9
24352.4
22941.2
24203.9
23173.3
24155.5
24490.6
23633.7
23692.7
24026
23810.7
23787
23832.1
23542.8
24486.4
23930.1
23675.1
23764.2
22891.5
24643.6
22986.8
24618.1
24173.7
23574.4
23766.4
22340.9
22825.7
22932.7
24972.5
24317.9
24158.9
23205.8
22947.1
23274.3
23174.4
23185.9
23584.9
23785.9
23004.7
22519.1
23774.7
24295.9
24910.9
23518
23622.6
24101.7
23859.9
22927.6
23315.5
22798.9
24273.4
23917.9
24934.5
23335.5
24938.1
23927.1
23674.3
23985.6
23574.7
23844.3
23094.5
23942.8
23443.6
23779
22624.7
23835.9
23138.5
24074.4
23822.2
23338.9
23766.5
23580.3
23746.2
22726.5
24152.1
24009
23789.4
24103.4
24077.3
23423.2
23624.9
23202.9
22962.7
24029.2
23246
23330.1
21969.8
23754.1
24274.3
24073.7
23514.4
23090.1
23582.5
23457.1
24483.4
23940.5
23493.2
24443.3
22766.5
23544.1
23247.7
22972.9
23157.3
23898.4
24203.4
23869.1
23738.4
23983.7
23628.3
24662.4
22858.5
23828.2
23696.5
23841.3
24922.2
23188.6
24503.7
23859.1
23853
23883.5
22942.4
23413.5
23638.5
24648.4
24020.2
24067.1
23989.2
23381.9
24489.7
23656.4
23932.7
24708.2
24031.3
24101.3
24551.1
23566.1
23214.1
23767.2
23628.3
23980.6
23400.7
23660.5
24740.4
23484.6
22665.6
23503.1
22840.3
23649
24033.8
23554.4
23744.6
23042.3
23781.6
23856.8
22917.4
23170.6
24134.4
23547.1
23341.7
24656
23667.6
23880.7
23509.5
23253.8
22957.4
23946.3
23087.8
23197.2
24253.6
24043.4
23612.5
23955.1
24058.7
23663.6
21823.6
24116.9
22855
23986.4
23112.5
24221.7
23920.8
23675
23407.3
24166.1
23784.1
23184.8
24288.3
22989.2
23390
23964.4
23439.5
23122.8
24054.4
23173.5
24347.4
24316.1
23320
21891.4
23938.7
23842.5
23608.2
23858.3
22942.6
23226
23387.9
23374.3
23982.7
24299.7
23020.5
24121.4
22766.8
22145.3
23168.3
22978.1
23545.5
23156.7
23476.3
23485.3
22773.7
24157.1
22648.1
23721.2
22382.9
24645.9
23519.3
23880.1
22759.2
23389.9
23856.4
23723.5
23595.5
23714.9
22996.9
23525.4
22928.8
23573.8
24004.4
23838.4
23887.2
23536.7
24598.1
24232.7
24143.1
23880.2
23852.5
23467.2
23347.7
23246.1
23684.3
24321.8
23368
22869.2
23554.6
23012.6
23056.1
23181.5
24124.6
22715.6
25028
23341.4
24071.3
24632.7
23792.8
22933.8
24213.5
23761.6
23706.7
23221.3
23182.8
23633.9
22938.5
23674.5
23765.1
23269.5
23465.6
24161.7
23489.3
25131.9
23155.8
23771.9
23273.6
23019.9
23822.9
23504.2
23166.3
23011.3
23727.7
23301.3
23231.4
24145.5
23524
25213.6
24149.7
23573.6
23841.4
23038.8
23416.9
23400.1
23670.9
23374.9
22774.6
24462.1
23527.9
24066.7
24301.6
23422.6
23617.8
24473.8
23244.9
23698.9
21772.5
23038.1
22919.9
23450.5
23717.5
23118.8
23049.9
24117.4
22581.2
23074.7
24616.7
23730.2
23906.2
23081.1
23494.1
22936.9
23656.6
24618
23870.9
23271.9
23893.4
23658.9
24070
22809.4
23861.1
23850
22470.6
23984.7
23521.8
23430.6
24271.2
24812.4
23057.9
23219
23129.9
22390.4
24341.4
23388.5
22456.8
23946.5
25114
23836.8
23262
24289.8
23039.7
23473.7
24334.2
23100.2
24081.2
23343.7
23735.2
23143.1
23036.1
23675.3
24732.7
23261.5
23819.6
24005.9
23945
24107.8
23239.9
23577.9
23322.6
23863.6
24051.9
22828.8
24298.1
23883
23102.5
23138.1
23223.6
23208.3
23655.3
23949.1
24633.9
23446.1
23870.2
23520.7
24770.5
23195.2
23532.7
23721.7
23054.1
22925.5
23088.8
24198
24508.3
23196.5
24054.6
23519.8
23898.6
24358.7
23624.5
22584.1
23503.2
23187
24035.5
22760.4
24117.2
24854.9
23909.9
24123.6
22765.1
24790
22956.2
24682.3
23965.6
24609.1
23209.4
23231.9
23727.5
23604.5
23036.3
23427.5
22828.6
22911.8
23958.3
24444.5
23296.7
22629.5
23939.9
23342.5
22390.1
22806.5
23553.3
24207.3
22863.6
24077.5
23713.7
22643.3
22809.6
23803.3
23492.7
23877.8
23559.1
23754.1
22754.9
22680.2
23581.9
23074.2
22874.3
23440.6
23339.1
23476.9
23395
24207.6
23046.5
23501
23809.2
23415.7
23577.6
23442.7
23409.7
23969.3
23854.1
23596.8
23409.9
24347.7
23107
24024.7
24099.5
22279.8
23287.6
23608.3
23222.4
23865.5
23503.7
23981.9
22950
23897.3
24176.3
23635.5
23975.7
24180.1
24670.6
23575
23589.2
23910.5
23610.1
23811.3
22967.2
22223.1
24542.7
23698.5
23056.3
22924.9
23422.5
24841.3
24909.2
23615
22016.9
24013.4
24058
23970.4
23202.9
23754.7
23650.1
24732.4
23797.2
23598.4
22889
23500.9
23726.1
24262.4
23711
23525.6
24588.3
22746.6
22299.1
24277.9
24045.4
24931.2
23201.8
24029.2
23675.7
24210.7
23029.6
23178.3
22593.6
23815.4
23061.2
24268.7
23609.6
23979.6
24491.6
24019.9
23909
24412.9
24351.4
23879.5
23365.1
24086.8
22843.9
24177.8
23493.3
23664.3
22367.6
24176.3
24609.7
22913.3
24030.3
23493.6
23724.7
23677.7
23590.6
23768.1
24186.6
23778.6
23475.6
23255.5
23357.9
24204.6
22391.1
22705.6
22793.8
24188.5
23141.1
23812.8
22499.7
24421.8
23603.7
23688.3
23568.1
23388
24147.5
23680.7
23103.9
23883.1
23112.2
23567.7
22850.2
23685.9
23562.5
23595.9
23716.3
23410.3
23107.5
23842.3
23612.1
23325.3
22461.9
23367.2
22786.2
23125
24446.5
23588.7
23439.9
24004.4
24579
23096.6
22701.7
24171.4
23122.1
23891.6
23742.3
24514.3
23746.7
23451.8
23441
24129.1
23673.1
23911.6
23971.4
22049.2
24819.5
23869
22859.6
24493.9
22553.3
24349.3
23625.3
23805.9
23374.5
22548.2
24631.6
22977.4
23748.4
23272.4
23708.7
23131.1
24348
23295.1
24431.9
22430
23467.3
23601.3
24120.7
24561.6
24264.8
24449.1
23068.7
24871.5
23593.8
23607
23644.3
24312.7
23395.8
23949.2
23647.1
24308
23544.1
22862
24173
23089
23156.1
23641.9
24106.2
23258.2
23667.3
23869.2
24204.8
22862
23437.5
23863.5
23371.6
23611.2
22753.3
24791
23600.5
23263.3
23626.1
24004
23215
23129.1
23583.5
23288.2
23195.9
23358.5
22893.9
22702.8
23647.4
23345.7
22506.8
24523.9
23020.7
23748.8
23968.4
23292.3
23237.1
24350.8
23667.4
22783.2
23984.4
24238.6
25430.6
23383.2
22723.3
23511.4
23168.6
23486.3
23394.1
23042.2
23724.1
24216
23788.6
23305.9
22504.7
23273.1
24238.8
23496.3
22776.5
22767.6
22677.3
22652.6
23723.6
23542.3
23266
23646.7
23231.9
23106
23289.4
23174.3
23639.5
24459
24982
23464.7
23758.5
24292
23854.4
23920.2
23804.1
24328.1
23329.2
23058.9
23711.4
23546.9
23099.3
24414.3
23228.4
23164
24100.5
23719.5
22661.2
23726.8
23387.1
24401.5
23361.3
23242.9
24159.6
22780.8
23176.2
23696.5
23156.4
23657.7
22834.5
23980.2
23730.4
23904.9
23945.4
23605.6
24273.4
23461.3
22623.5
23201.2
23157.5
24865.6
22637.9
23136.9
23411.7
23481.9
24203.6
23634.6
23739.5
23496.5
23417.8
24382.5
23811.8
24072.5
23181.8
24141.5
23466.2
22574.1
23251.1
23932.9
22465
23709.7
23318.1
22875.2
23098.6
23568.8
23043.2
23790.7
23826.9
23363.8
23671.9
24081.2
24163.8
23738.4
23294.4
23776.5
23661.7
23620
24848.1
23838.1
24416.6
24193.4
24778.9
24108.7
24614.4
23860.9
24635.7
23199.8
24385.4
24050.7
23681.7
23637
23242.8
23901.7
24359
24022.5
23556.3
23874.8
23597.3
23442.4
24115.3
22826.3
23317
24143.4
23366.8
23271.1
23373.3
23841.7
22661.8
23212.3
23911.1
23448.9
24031
24065.2
24033
25145.1
22848.5
23588.2
24493.6
23546.2
24098
23594.3
23038
22931.2
24058.3
23394.8
22638.4
22967.6
24492.2
23352.5
23600.3
23268.3
23068.8
22545.8
23676.3
22694.3
24455.2
24107.7
22296.3
23364.4
24294.8
24085.3
23502.2
23200.9
24472.8
23052.8
23287.4
23520.9
23014.5
24275.5
24151.5
23669.4
23947.2
23504.1
23730.8
24392.2
23795.4
24156
23680
23696
22565.2
23130
24331.1
23496.6
23009.6
23690.7
23333.6
23726.1
22779.7
22888.9
23952.5
