20554.4
20725.9
20740
21053
21018.7
20871.9
20237.3
20528.8
19827.3
20541
20983.1
20451.7
21325.9
20566
20496.9
20240.3
21080.4
19949.9
20789.3
20033.1
20969.8
21243.2
20865.1
20088.6
20601.9
21069.6
19965.3
20508.7
20045.9
20045.4
20639.6
21072.8
20977.2
21829.4
20370.6
20865.1
20399.5
21305.2
20416.6
21004.7
20999.2
20015.5
20743.4
21499.5
20872.8
20338.5
21505.2
19993.6
20887.1
21222.4
20706.4
20326.5
19872.7
21731.6
20383.9
21321.2
21951.3
21079.3
20921.7
21502.4
21326.7
20717.6
21127.2
19763
21674.9
20466.7
21327.9
21330.7
20212.8
20264.4
20472.1
20829.5
21218.3
19979.7
20257.5
20634.5
20955.1
21064.9
21251.7
20167
20736.3
20327.2
20824.1
20910.5
20224
20940.5
20542.5
20926.9
20031.4
20278.7
20923.3
20625.3
19740.9
21143.4
20732
21088.2
20501.7
20686.7
21169.9
21168.8
19642.4
20105.1
20769.2
20203.4
20056.5
20173.2
21195.2
20739
21441.8
20613.9
21069
20728.6
20165.3
20575.4
21052.3
21370.3
19957.4
21588.1
20595.4
21632
19909.6
19731.5
20610.1
21263.1
20470.7
21549.8
20718
21599.1
21575
19843.9
20452.5
20624.8
20470.2
21957.5
20653.9
21976
20492.5
20528.2
20966.3
20629.9
21338.5
20923.9
21157.1
20700.4
21110.9
21294.8
20865.1
19782.1
20802.6
21241.1
21407
20285.5
20387.5
19918.4
20895.7
20668.8
20634.4
21021.3
21005.6
19887.6
21071.6
20692.5
20354.7
20883.5
20456.6
19779.1
20854.5
21120.8
20169.5
20667.9
20878.2
21084.5
20889.1
20348.9
19914.8
20548
21032.4
20854.2
21106.3
20797.2
20731.5
21308.3
20263.7
20648
20546.1
21537.5
20486.4
21179.1
20609.6
20014.8
20917.5
20222.6
20793.4
20157.2
20789.2
20609.6
20160.2
20629.2
21381
20898
21303.5
20502
20623.1
21471.4
20617.9
20768.9
20994.5
20496.2
20758.4
20744.9
20355
20533.3
20619.5
20580.4
20692.8
20143.5
20139.6
21325.9
20769.5
20783.2
20555.6
20130.7
21868.5
20382.5
21595.5
20120.4
20526
20978.4
20875
20299.9
20922.5
20846.9
20374.8
19976.1
21077.7
21205
20317.9
20579
20654
21085.3
20675.1
20666.7
20201.8
20589.2
20948.1
20084.2
20728.8
20892.4
20672.1
20772.2
20072.4
20849
20647.2
20477.2
22331
21046.9
20925.2
21139.4
20152.4
20700.6
20664.9
20540.5
20513.1
19990.3
20699.7
20707.9
20408.6
19795.6
20550.2
21054.8
21051
19792.6
20724.6
20201.4
21071.7
20781.8
21312.2
20635.9
20348.7
20526.2
20756.8
20385.8
20844.3
20895.4
20676.8
21059.6
20601.7
20980.9
20557.8
20527.4
20741.3
20749.8
20970.3
20874.8
20421.5
20997.2
21327.4
21055.8
20245.9
20889.7
21021.3
20952.4
20694.7
20490.5
20222.5
20307.6
20344.9
21536.7
20549.1
20159.3
21133.3
21217.3
20703.5
20494
19850.6
20119.9
20619.5
21432.9
20972.6
20981.1
20815.2
20986.5
21035.5
21225.4
19877.9
20793.6
20260.3
20896.1
20121.9
20920
21038.4
20411.1
20597.5
22014
20704.6
21276.2
20850.1
20867.5
20852.2
20484.7
20155.6
20935.7
20562.9
19694.8
20038.8
20253.4
20073.5
20709.4
21404.1
20712.1
20608.9
20492
21305.7
20574.7
20412.2
21726.5
21003.2
20732.7
20751
20224
21338.2
20861.5
21455.3
21169
20083.5
20075.3
21381.3
20210.9
20649.1
20504.3
20529.9
20772
20840.9
20929.2
20250.1
21289.4
20494.5
20547.2
20521
20715.2
20191.3
20672.9
20270.5
19923.7
21006.7
21546.2
20254.8
21073.3
20517.2
20079.6
20508.4
20406.2
20713.1
20994.4
20428.6
19383.4
20840.7
20761.6
20227.8
21454.9
21344.6
20571.9
20985.7
19943.3
20002.1
20132.8
20625.4
20733.2
21169.8
21087.9
20555.4
21004.6
20107.5
20777
20587.5
20457.9
20893.9
21254.4
22134.4
20659
20886.1
20195.8
21251.7
20155.5
19876.3
20928.3
20114.7
20090.2
20230.9
20497.3
20523.1
21436.8
21031.5
21106.1
21301.3
20248.6
21151.2
20588.6
20445.1
20279.3
20790.6
20560.8
19967
20518.7
20439.2
20598.6
20286.5
21376.3
20052.3
21268
20968.2
20357.8
20743.1
20607.3
20535.5
20328.1
21068.6
20232.3
19869.9
20826.7
20468.6
20085.5
19943.6
20664.2
21281.5
21043
20785.3
20580.3
20719.2
21809.2
21057.6
21303.9
20499.4
21353.1
20628
21175.3
20750.1
21043.1
21019.1
20694.7
20412.4
20329.3
21290.1
19927.4
20729.8
20822.7
21324.9
20354.4
20391.1
20878
20698.2
21369.7
20701.7
21748.4
20344.5
21454.5
20984
20840.5
20931
20029.9
20791.7
19993.9
20599.6
20016.2
21054.4
20516.3
20084
20993.7
20613.5
20164.2
21213.2
21837.4
19321.4
20371
20744.8
20462.1
20519.5
20752.3
20728.3
21077.7
20628.4
20587.3
21062.3
20205.6
21064.9
20090.8
20792.4
20450.5
20351
20793.7
21187.4
21163.2
20828.7
20943.3
21135
20785.5
20662.7
21041.1
21041.1
20974.7
20965
20080.1
20578.3
20891.6
20123.5
21274.4
20897.2
19731.1
20841.4
20377.5
20620.4
20350.3
20905.6
19721.6
20245.7
20075.6
21415.6
20919
21441.8
21458.2
20205.9
20002.3
21312.7
20783.9
21206.1
21245.6
20638.8
21564.2
21059.9
20496.8
20412.3
20407.3
19934.4
20154.3
20808
20431.2
20305.2
20181
20269.3
20602.9
21168.8
21425.6
20893.3
20876.5
20804.9
21017.5
20364.7
20925.5
20332
20682.8
20726.8
21062.9
19639.4
20278.2
20690.1
20897.1
20522.6
20714.6
21082.9
20563.2
20375.3
20365.3
19659.9
19802.9
20344.8
19931.3
20692.1
20243.8
20531.9
20264.5
20797.7
21123.4
20452.7
20572.6
21218.2
20756.8
21110.7
20335.5
20456.2
21104.6
19769.1
19727.9
20509.5
20807.3
20135.9
21193.4
20925.1
20686.8
21063.3
20371.4
20860.9
21017.1
20833.4
19863.7
21073.6
21396.6
20510.6
20556.1
21289.9
21033.9
20217.5
21298.2
21043.9
20267
20063.8
21451.7
21673.1
20555.7
20313.9
20763.7
20328.8
20550.6
20529.5
20564.6
20473.8
20514.9
21444.6
20649.2
20741.4
21313
21093.4
20868.5
20162.4
20165.9
20179.1
20454.9
20640.2
20869.4
20339.7
21449.9
20558.7
21487.7
19856.9
20435.2
21715
20149.3
21345.1
20609
20547.4
21506.5
20736.6
20946.5
20187.4
21166.2
20574.2
19993.6
20772.8
20834.6
20931
20671.7
20979.7
20536.3
20379.5
20301.1
20865.6
20273.8
20541.7
20277.7
20506.3
21338.9
19867.6
20269.7
21132.1
20179.4
20400.5
21220.2
20770.8
21465.6
20340.9
20841.2
20600.3
20717.4
19227.8
21053.6
20654.9
21034.8
21001.7
20993.4
19924
21348.9
20548.2
20891.3
21705.7
20333.5
20105.3
20430.4
20824.2
20861.6
20214.9
20495.1
20258.1
20850.5
20902.2
20653.6
20316.9
20072.3
20702.8
20988.1
21460.5
21756.8
20620.3
20949
20418.8
20184.4
20937
20770.8
20260.1
20338.3
21793.4
19924.2
20133.7
20698
20177.1
20663.3
20173
20300.4
21862.1
20875.2
21553.2
21261.4
21516
19512.8
20615.8
20651.8
19868.8
19677
20478.6
21389.6
21059.4
20997.9
21079.9
20252.4
20480.4
20932.4
21028.9
21138.9
20640.9
21065.8
21046.3
20500.7
21047.5
19930.5
20826.4
20845.3
21145.9
20484.6
20669.3
20887.7
21323.2
20431.1
21075
20380.9
20732
21039.4
20759.5
21276.4
20940.2
21116.5
20648.6
20293.9
20307
20457.2
19937.2
21425.6
20755.3
21077.9
21152.1
21026.1
19866.5
21680
20233.2
20647.8
21338.5
21171.2
21006.2
20320.9
21316
21538.4
21008.2
20779.6
20458.1
20954.7
21101.6
21062.3
20933.1
20915.7
20715.4
20833
20334.8
20789.5
20865.6
19525.5
21560
21060.2
20551.4
21156.7
20651.1
21850.1
21276.1
20927.6
21140.1
20015.7
21156.4
20001.7
20679.7
21458
20039.2
20403.8
20206.8
20959.2
21263.8
20660.6
21176.9
20447.6
20683.6
20804.9
20516.5
19713.2
21042.4
20567.1
20342
20409.9
20586.2
21339.7
20227
20869.6
20902.6
20509.6
21173.9
20460.5
20230.5
20563.5
20630.5
20789
19956.6
20304.3
20070.3
20242.5
19926.9
20758.5
21443.4
20158.4
21465.9
20750.9
20974.9
20513.8
20719.7
20296.4
20508.4
19876.1
20759.7
20521.7
20769.8
20795.8
20730.3
21450.1
20804.9
20721.3
21118.2
20407.3
21244.4
20651.1
20218.7
21178.3
21582.3
20417.6
20801.9
21002.3
21514.3
20405.4
20360
21038.8
20459.1
20699.1
20731
20167.8
20886.9
20961.9
21512.8
21814.5
20626.3
21922.2
19764.8
20799.7
20301.5
20027.9
20158.5
20931.1
21547.2
21083.6
20977.6
20052.1
20511.7
19854.7
20604.2
20620
19690.8
20652.6
20561.5
20661.9
21405.3
20393.1
20774.6
20800.5
21144.9
21786.8
20114.1
20189.1
20904.9
20259.5
21383
20410.7
20421.4
20178.6
20541.7
20794.3
20010.9
20724.2
20874.5
20877.4
21153.6
20043.3
20690.1
20022.9
20214.7
20781.7
21112.4
20543.9
20493.9
20898.1
21392.1
20671
21089.6
20719.3
20125.1
20481.1
21323.5
20763.9
20466.5
19961.8
21094.6
20616.2
21694.2
20683.2
20665.4
22160.1
20608.9
20342.5
22110.4
20919.7
20893.6
21490.4
21432.5
20488.5
21473
22077.9
19794.9
21101.3
21158.9
22020.7
