17869.1
18314.2
18671.8
18783.7
18881.1
19084.4
18337.7
18093.6
18148.2
18010.6
18700.4
18094
18958.9
18878.2
18338.7
18119.3
18058.1
17924.1
18821.7
18723.4
17609.3
18617.3
18223.9
19197.4
18498.1
18212.5
18088.8
17845.1
19152.7
17834.3
18714.3
17893.8
18428.4
18232
18876
18611.7
18507.8
19126.2
18565.4
18812.6
18252.7
17710.3
19092.3
18363.1
17664.4
18925.4
18467.9
17449.7
18931.1
18872.5
19771.9
19121.9
18376.3
18600.2
18427.5
18203
18954.6
18572.9
17898.3
18128.7
17310.4
18819.9
18737.3
18331.3
18711.3
18800.1
17711.3
18379.3
19117.3
18706.4
17915.1
17896.3
18024.6
18668.3
18603.7
18498.2
18987.8
18304
19006.3
18279
18952.2
18417.2
18471.6
18500.7
18777.4
18038
18944.9
18515.9
18844.6
18160.2
18529
18811.2
19015.9
18391.7
17909.6
18409.6
18049.6
18521.1
18185.2
18314.8
19129.6
18591.6
18308
18096.9
18553.4
17832.1
18673.1
18886.6
18424.1
18882
18312.4
17432.2
18185.2
18199.4
18760
18813.5
17927.1
18109.6
18916.5
18424.1
19306.5
18229.1
18508.6
18053.1
17757.4
18248.8
18795.6
18514.8
17892.3
18559.4
18332.8
18501.7
18132.6
17422.7
17791.2
18725
18692.1
18501.7
17679.2
18795.3
18160.6
17603.2
18479.9
18638.3
18603.8
18475.6
18995.5
18909.8
17805.3
18696.7
19211.9
19079.3
17761.3
18863.3
19652.8
17861.6
18301.1
18052.5
18387.9
18624.7
19173.2
19267
18712.4
17701.5
18615.9
18251.5
18274.3
17952.8
18695
18736.2
18711.1
18199.4
18078.7
18540.3
18341.3
18363.5
19432.6
18952.5
18582.7
18099.3
18270
19196
18394.8
18120.1
18287.9
17991.4
18676.9
18652.4
17507.3
18341.1
18201.8
17687.6
18818.7
18674.3
18999.9
18273.1
18611.6
18304.3
18714.4
18043.8
18496.9
17842.6
18706.6
18335.4
18538.1
18828.2
18868.2
18445
18675.8
19120.4
18380.1
19114.4
18967
18557.2
19092.4
18037.1
18587
18469.3
17868
18298.5
18545.9
17625.3
18918.2
18679.7
18686.7
18661.8
18399.9
18703.5
18286.2
18949.4
18259.5
18914.5
18004.8
17973.7
18774.8
18808.6
17805.9
18350.2
18057.1
19100.2
18246
18635.3
18244.9
19341.8
18539.5
18117.7
19178.8
18529
18795.5
19284.9
18832.8
17849.1
18224.9
19008.1
19329.9
18052.9
18352.6
18085.1
17940.6
18848.5
18479.1
17890.9
18815
18686.1
17770
19148.7
18874.3
18909.3
18092.6
18416.9
18561.2
18969.6
19413.2
18904.3
18874.8
18421.6
19208.5
18736.7
18438.8
18170.8
18613.2
18181.3
18296.7
18604.6
18835.5
18529.5
18508.7
18596.1
18665.2
17965.1
18764.2
18475.3
19127.2
17606.1
17872.7
17934.8
18737.8
18585.9
18328.6
18839.1
17749.8
17930.6
17817.1
18572.9
18625.9
18215.4
18903.2
18057.7
18062.9
17945.1
18650.5
19188.4
18254.3
18057.8
18591.8
18034.1
19052.4
18327
19014
18075.3
18190.5
18412.7
19096.1
18831.8
18489.9
18286.8
18562.9
18101.5
17834.7
17963.3
18262.6
18778.4
18215.8
18552.8
19314.2
18334.3
18512.1
18672.5
19104.4
18483.2
18201.7
17935.5
18750.1
18894.3
18127.7
18375.5
18485.1
19015.8
18225.7
18777.1
18402.7
18630.6
18738.8
18618
17970
18744.7
18100.7
18383.1
18085.2
18651.5
18368.5
18077.4
18049.7
18227.3
18647.3
17827.3
18519.8
18776.5
18425.7
18299.1
17775.3
17905.2
18647.6
18861.6
17760.2
17948.5
18226
18279.9
18299.5
17872.4
19188.9
18213.5
19094.7
18615.2
17744.4
17930
17951.5
18332.9
18285.7
18832.9
18473.4
18700.9
18597.4
18614.7
18215.1
18767.6
18792
18935.6
19052.9
18422.2
19175.8
18346.2
18917.2
19137.5
18542.1
18995.3
18470.5
18224.4
17846.7
18453.9
18878.7
19398.3
19100.5
18380
18815.4
18003.6
17591.1
18310.8
18589.2
18470.9
18808.3
19724.8
18640.2
18596.5
18733.3
19473.5
19228.8
18597.1
18429
18423.8
18638.9
18577.3
18410.3
18670
19790.2
18357.2
18397.2
18139.9
17991.9
18765.5
17940.7
18228.1
17984
18518.6
19380.7
18295.7
18714.1
18683.4
17943
18514.8
18548.8
18237.4
17502.7
19014
18462.5
18289.2
17909.1
17818
17801.7
18703.1
18123.9
19065.1
18317.9
18006.5
18311.4
18954.6
18150
18540.6
18670.9
18305.2
18482.9
18714.4
18655.5
18808.8
18471
19153.3
18124.3
19066.9
18272.4
18124.8
19362.7
18267.3
18330.5
18414.7
17973.2
18851.5
18461.9
18743.8
18419.3
18297.9
18617.1
17985.9
18223.3
18813.4
18192.9
18513.3
18705.6
18694.7
18380.3
18724.2
18315.3
18736.9
18277.7
18220.6
17902.4
17980.7
17669.7
18373.7
17876.3
18623.2
19419.7
18808.8
19207
18038.8
19217.5
18286.6
19157.8
18067.5
19442.7
17709.8
18478.6
18236.3
18594.1
18067
18057.2
18235.2
19177.3
18525.6
17982.6
18919.5
18277.8
18691
18722.9
18096.1
18539.7
17691.6
18214.3
19311
19511
18159.3
17992.2
19108.6
18581.2
17565.2
18375
18847.3
18557.3
18185.1
18286.2
17944.3
18695.6
18376.1
17756.3
19028.5
17785.4
18767
19156.7
17344.9
18407.4
18368.7
18726.3
19386.6
17730.5
18653.9
18802.3
18029.5
17881.1
18113.4
18827.2
18457.6
18305
19018.7
18503.3
18644.9
19095.9
18620.5
19181.5
19130.1
19286.9
17994.4
18958.3
19150.4
17819.4
19520.3
18618.5
18649
18854.6
18374.4
18880.2
19399.4
18327.7
18431.2
18509.5
18878
18144.4
18071.9
18581
18146.2
19308.8
17885.6
19176.4
18335.7
18391
18390.7
19056.1
18638
18372.6
17679.9
17891
18064.7
18749.5
18626.6
18371
18647.1
18150.1
19548.6
18407.4
18927.3
17831.8
18654
18614.6
18061.2
17743.1
19152.5
18001.9
18350.9
19124.6
18250.3
18246.6
18302.1
19152.3
18413.3
18355.9
18701.2
18077.9
17985.9
18065.2
18941.2
18050.7
17958.2
18537.9
17942.8
18551.4
18742.2
18326
18380.8
18302.2
18420.3
18778.9
18331.7
18244.2
18465
18540
18216.1
18525.2
17390
18225.2
18171.3
18470.3
18544.9
19115.9
18367.9
17457.7
17900.6
19510.4
18184.7
18262.7
18976.1
18719.6
19241.6
18447
18504.9
18291.7
19001.9
18356.4
18251
18208.3
19271.3
18368.1
18574.6
18811.9
18814.9
18644.7
18724.9
18355
17971
19359
18576.9
18043.7
18223.9
17849.1
18567.4
18014.8
19265.1
18392.6
19138.8
18641
18334.8
18631.2
19244.8
18326.1
18642.2
18435.8
18725.5
18578.1
17773.2
18480.8
18674.9
18692.3
18593.3
18874.4
18756.1
19114.1
18400.7
17771.4
17830.9
19278.2
19179.1
18899.9
18208.9
17414.6
18191.2
18521.4
19236.5
18565.6
18579
19265.1
17780.1
18700.1
18404.8
18371.7
18823.2
18394.4
18417.5
18907.3
18257.2
19109.8
17654.8
17900.4
18754.9
18076.3
18392.7
18815.5
18342.1
17818
18638.5
17927
18448.3
18309.7
18558.7
18054
18357.1
18165.8
18769.3
18377.8
19120
17648.4
17692.8
17839.5
18587.2
18483.2
18602.8
18560.4
18549.8
17809.8
18133.5
18241.9
18606.1
18756.7
18357
18287
18544
17927.4
18764.3
18529
18157.4
17951.5
18332.9
18332.2
18370.9
17967
18435.7
18443.7
18294.1
19404.7
18134.6
18024.3
18910.4
18369.7
19199.4
18251.3
18556
18030.8
18803.1
18946.1
17885
18677.7
18415.2
18782.2
18977.9
17662.7
17858.6
18533.4
19154.1
18418.1
18592.3
18753.3
17761.2
17890.6
18910.5
18368.2
18447
18341.4
19485.4
18348.2
17937.6
18757.5
17678.1
19471.7
18160.1
19448.7
19025.5
18617.8
18179.1
18861.9
18769.4
18313.5
18504.2
18815.6
18538.2
18111
18469.7
17539.2
18645.7
18327.6
18347.7
18222.8
18876.8
18404.2
17991.1
18312.1
18504.6
17795.4
18827.9
18098.4
18226.8
18548.8
18216.2
18656.7
19106.6
18245.7
18315.6
18824.1
17926.2
18636.1
17970.9
17846.5
18585.3
18205.6
19511.8
18532.9
18372.2
18202.4
19327.6
18091.2
18320.9
18902.5
18267.5
19047.9
18415.2
17654.2
17966.8
18462.6
19043.7
18009.7
18044.3
18636.8
18242.1
18911.9
18022.3
18785.7
18243.7
17832
18056.5
18388.5
18439.6
18780.6
17839
18277.7
18287.8
18749.1
18152.9
18700.4
19223.5
17670.1
18412.6
18722.6
18829.1
18306.7
18537.1
18858.4
18602.1
17774.4
18027
18124.9
18337.2
19180.5
18032.2
19273.2
17778.3
18933.2
18366.2
18230.2
18774.6
18587.7
18536.6
19056
19192.9
17981.8
18349.4
18117
19007
18084.2
18351.1
18460.9
17679.8
18451.6
18466.5
18492.5
18303.9
18276.4
18680.9
18194.2
19250.1
18543.8
18395.6
18563.8
18473.3
18107.5
18330.5
17893.3
18921.2
18225.2
18287.3
18594.1
18379.6
19389.9
17870.6
18324.7
19066.3
17570.4
18918.8
19698.4
18208.9
18609.6
18746.7
18836.3
18760.6
17898.7
18182.2
18957.1
19016.1
18701.7
19554.4
19219.2
18923.6
19027
18831
18536.3
18079.8
18530.9
18602.8
18700.7
18655.5
18402.3
18291.2
17912.9
17816.8
18515.8
18313.3
17588.1
17956.2
18140.8
19021.3
18283.9
18926.3
18416.3
18255.7
18608.8
18499.7
18324.3
18839.3
18920.9
18738.3
19430.2
18195.4
18306.1
18605.9
19321.4
18526.3
